       0.000000       24.781419
       0.000000       24.781419
       0.000001       24.781419
       0.000001       24.707359
       0.000002       24.707359
       0.000004       24.707359
       0.000007       24.707359
       0.000010       24.707359
       0.000013       24.707359
       0.000017       24.707359
       0.000022       24.707359
       0.000028       24.707359
       0.000034       24.707359
       0.000040       24.707359
       0.000049       24.696010
       0.000060       24.697712
       0.000075       24.697712
       0.000097       24.683445
       0.000128       24.683445
       0.000176       24.711948
       0.000237       24.759011
       0.000268       24.710438
       0.000348       24.776081
       0.000439       24.816604
       0.000535       24.770647
       0.000618       24.714498
       0.000738       24.724497
       0.000802       24.700180
       0.000927       24.768624
       0.001049       24.756173
       0.001070       24.756173
       0.001219       24.806651
       0.001337       24.793044
       0.001475       24.783706
       0.001605       24.766690
       0.001743       24.845176
       0.001872       24.776593
       0.002020       24.848730
       0.002140       24.836377
       0.002310       24.799787
       0.002407       24.839719
       0.002561       24.814884
       0.002675       24.848186
       0.002869       24.858591
       0.002942       24.849800
       0.003115       24.844860
       0.003210       24.832660
       0.003395       24.855317
       0.003477       24.870175
       0.003681       24.895779
       0.003745       24.906802
       0.003954       24.870499
       0.004012       24.923458
       0.004242       24.916329
       0.004280       24.916329
       0.004502       24.855299
       0.004547       24.870340
       0.004768       24.926899
       0.004814       24.915720
       0.005045       24.940605
       0.005082       24.958320
       0.005297       24.903378
       0.005349       24.929936
       0.005598       24.930383
       0.005617       24.974519
       0.005859       24.933091
       0.005884       24.914160
       0.006147       24.943678
       0.006152       24.943678
       0.006419       24.961056
       0.006687       24.953970
       0.006943       24.902241
       0.006954       24.902241
       0.007222       24.973746
       0.007489       24.996951
       0.007757       24.983225
       0.008024       25.062106
       0.008291       25.053794
       0.008559       25.056032
       0.008826       25.040999
       0.009094       25.077252
       0.009361       25.103431
       0.009629       25.079240
       0.009896       25.185507
       0.010164       25.093415
       0.010431       25.159555
       0.010699       25.097888
       0.010966       25.138581
       0.011234       25.223774
       0.011501       25.123713
       0.011768       25.140788
       0.012036       25.186864
       0.012303       25.207420
       0.012571       25.164239
       0.012838       25.207887
       0.013106       25.228845
       0.013373       25.261673
       0.013641       25.271165
       0.013908       25.257488
       0.014176       25.254119
       0.014443       25.283470
       0.014711       25.286286
       0.014978       25.264291
       0.015245       25.285879
       0.015513       25.320888
       0.015780       25.308166
       0.016048       25.380697
       0.016315       25.342304
       0.016583       25.375330
       0.016850       25.370563
       0.017118       25.354734
       0.017385       25.355033
       0.017653       25.406679
       0.017920       25.382159
       0.018188       25.509954
       0.018455       25.414860
       0.018722       25.567212
       0.018990       25.508391
       0.019257       25.522640
       0.019525       25.569571
       0.019792       25.533614
       0.020060       25.600693
       0.020327       25.478358
       0.020595       25.515145
       0.020862       25.535557
       0.021130       25.596671
       0.021397       25.654748
       0.021665       25.632857
       0.021932       25.639253
       0.022199       25.652616
       0.022467       25.672206
       0.022734       25.696512
       0.023002       25.735769
       0.023269       25.655878
       0.023537       25.702835
       0.023804       25.717038
       0.024072       25.755443
       0.024339       25.762878
       0.024607       25.784333
       0.024874       25.822071
       0.025142       25.867848
       0.025409       25.824816
       0.025676       25.844955
       0.025944       25.872002
       0.026211       25.804919
       0.026479       25.910966
       0.026746       25.878841
       0.027014       25.917543
       0.027281       25.899513
       0.027549       25.938775
       0.027816       25.955572
       0.028084       26.014915
       0.028351       25.962039
       0.028619       25.960625
       0.028886       25.988159
       0.029153       25.997708
       0.029421       26.045098
       0.029688       26.032380
       0.029956       26.055868
       0.030223       26.068608
       0.030491       26.081598
       0.030758       26.095612
       0.031026       26.089121
       0.031293       26.099703
       0.031561       26.089840
       0.031828       26.152968
       0.032096       26.093007
       0.032363       26.134622
       0.032630       26.258759
       0.032898       26.183276
       0.033165       26.234447
       0.033433       26.217820
       0.033700       26.252362
       0.033968       26.277767
       0.034235       26.253446
       0.034503       26.291784
       0.034770       26.259038
       0.035038       26.325917
       0.035305       26.328632
       0.035573       26.341198
       0.035840       26.336507
       0.036107       26.413239
       0.036375       26.395661
       0.036642       26.417018
       0.036910       26.410660
       0.037177       26.373112
       0.037445       26.425725
       0.037712       26.446014
       0.037980       26.478427
       0.038247       26.471517
       0.038515       26.514302
       0.038782       26.490253
       0.039050       26.532914
       0.039317       26.562933
       0.039584       26.525813
       0.039852       26.589722
       0.040119       26.565607
       0.040387       26.658342
       0.040654       26.604360
       0.040922       26.616925
       0.041189       26.593659
       0.041457       26.604029
       0.041724       26.589591
       0.041992       26.687129
       0.042259       26.637459
       0.042527       26.746800
       0.042794       26.678790
       0.043061       26.745196
       0.043329       26.659060
       0.043596       26.725649
       0.043864       26.782059
       0.044131       26.788011
       0.044399       26.786396
       0.044666       26.813977
       0.044934       26.756766
       0.045201       26.817679
       0.045469       26.834693
       0.045736       26.837307
       0.046004       26.872510
       0.046271       26.799587
       0.046538       26.886188
       0.046806       26.872616
       0.047073       26.890906
       0.047341       26.927952
       0.047608       26.904181
       0.047876       26.975081
       0.048143       26.996270
       0.048411       26.965076
       0.048678       27.046399
       0.048946       27.058201
       0.049213       27.067620
       0.049481       26.963492
       0.049748       26.985835
       0.050015       27.017185
       0.050283       27.073050
       0.050550       27.103509
       0.050818       27.087528
       0.051085       27.092974
       0.051353       27.181536
       0.051620       27.151729
       0.051888       27.176039
       0.052155       27.241626
       0.052423       27.174753
       0.052690       27.209619
       0.052958       27.257055
       0.053225       27.212074
       0.053492       27.248223
       0.053760       27.258876
       0.054027       27.275423
       0.054295       27.302144
       0.054562       27.330913
       0.054830       27.286985
       0.055097       27.281232
       0.055365       27.304602
       0.055632       27.388837
       0.055900       27.319745
       0.056167       27.409795
       0.056435       27.473506
       0.056702       27.403298
       0.056969       27.439023
       0.057237       27.462062
       0.057504       27.475260
       0.057772       27.452141
       0.058039       27.494218
       0.058307       27.509824
       0.058574       27.554494
       0.058842       27.523160
       0.059109       27.561798
       0.059377       27.563670
       0.059644       27.557413
       0.059912       27.658699
       0.060179       27.544343
       0.060446       27.584870
       0.060714       27.588471
       0.060981       27.621738
       0.061249       27.556788
       0.061516       27.564591
       0.061784       27.630499
       0.062051       27.631538
       0.062319       27.645302
       0.062586       27.663343
       0.062854       27.670883
       0.063121       27.609360
       0.063389       27.580064
       0.063656       27.723388
       0.063923       27.697556
       0.064191       27.749811
       0.064458       27.717263
       0.064726       27.770128
       0.064993       27.792265
       0.065261       27.809274
       0.065528       27.806372
       0.065796       27.716508
       0.066063       27.836202
       0.066331       27.796258
       0.066598       27.801349
       0.066866       27.811776
       0.067133       27.845372
       0.067400       27.774603
       0.067668       27.858287
       0.067935       27.851294
       0.068203       27.909519
       0.068470       27.939563
       0.068738       27.960733
       0.069005       27.940762
       0.069273       27.972750
       0.069540       27.966782
       0.069808       27.975546
       0.070075       27.997393
       0.070343       27.931882
       0.070610       28.016620
       0.070877       28.018797
       0.071145       28.021726
       0.071412       27.964508
       0.071680       27.964564
       0.071947       28.062557
       0.072215       28.049778
       0.072482       28.024271
       0.072750       28.046544
       0.073017       28.025002
       0.073285       28.077712
       0.073552       28.084796
       0.073820       28.106509
       0.074087       28.065507
       0.074354       28.042067
       0.074622       28.097776
       0.074889       28.100702
       0.075157       28.147066
       0.075424       28.113033
       0.075692       28.151111
       0.075959       28.199937
       0.076227       28.197638
       0.076494       28.148519
       0.076762       28.163352
       0.077029       28.195473
       0.077297       28.174796
       0.077564       28.169725
       0.077831       28.169896
       0.078099       28.227522
       0.078366       28.220329
       0.078634       28.236613
       0.078901       28.267688
       0.079169       28.242643
       0.079436       28.280520
       0.079704       28.222922
       0.079971       28.283032
       0.080239       28.264004
       0.080506       28.256549
       0.080774       28.262438
       0.081041       28.311614
       0.081308       28.307134
       0.081576       28.251237
       0.081843       28.288701
       0.082111       28.273458
       0.082378       28.316098
       0.082646       28.365588
       0.082913       28.366231
       0.083181       28.296960
       0.083448       28.344053
       0.083716       28.302497
       0.083983       28.395421
       0.084251       28.385754
       0.084518       28.346481
       0.084785       28.430988
       0.085053       28.431779
       0.085320       28.438502
       0.085588       28.437646
       0.085855       28.392637
       0.086123       28.384032
       0.086390       28.392794
       0.086658       28.489007
       0.086925       28.462926
       0.087193       28.417434
       0.087460       28.457474
       0.087728       28.455427
       0.087995       28.507006
       0.088262       28.469368
       0.088530       28.477122
       0.088797       28.471556
       0.089065       28.498935
       0.089332       28.482934
       0.089600       28.523641
       0.089867       28.490795
       0.090135       28.506187
       0.090402       28.484408
       0.090670       28.537066
       0.090937       28.518968
       0.091205       28.576266
       0.091472       28.515594
       0.091740       28.518619
       0.092007       28.502035
       0.092274       28.536524
       0.092542       28.537849
       0.092809       28.498605
       0.093077       28.641649
       0.093344       28.573940
       0.093612       28.568255
       0.093879       28.643110
       0.094147       28.607499
       0.094414       28.646693
       0.094682       28.548875
       0.094949       28.595688
       0.095217       28.613316
       0.095484       28.632187
       0.095751       28.706999
       0.096019       28.674369
       0.096286       28.557669
       0.096554       28.567593
       0.096821       28.626677
       0.097089       28.620864
       0.097356       28.670672
       0.097624       28.676894
       0.097891       28.643082
       0.098159       28.671211
       0.098426       28.715538
       0.098694       28.695104
       0.098961       28.681151
       0.099228       28.677355
       0.099496       28.712839
       0.099763       28.707038
       0.100031       28.730475
       0.100298       28.775701
       0.100566       28.767270
       0.100833       28.729120
       0.101101       28.710463
       0.101368       28.697041
       0.101636       28.779929
       0.101903       28.725409
       0.102171       28.766691
       0.102438       28.773593
       0.102705       28.788389
       0.102973       28.820715
       0.103240       28.776119
       0.103508       28.768809
       0.103775       28.772365
       0.104043       28.806822
       0.104310       28.770944
       0.104578       28.797627
       0.104845       28.824047
       0.105113       28.823989
       0.105380       28.825473
       0.105648       28.716562
       0.105915       28.778971
       0.106182       28.849090
       0.106450       28.839695
       0.106717       28.768609
       0.106985       28.819779
       0.107252       28.772757
       0.107520       28.762284
       0.107787       28.808573
       0.108055       28.784914
       0.108322       28.832327
       0.108590       28.844632
       0.108857       28.861186
       0.109125       28.838682
       0.109392       28.896150
       0.109659       28.883558
       0.109927       28.788582
       0.110194       28.922798
       0.110462       28.841757
       0.110729       28.833779
       0.110997       28.769284
       0.111264       28.812741
       0.111532       28.838180
       0.111799       28.769415
       0.112067       28.834129
       0.112334       28.873190
       0.112602       28.850663
       0.112869       28.909214
       0.113136       28.827357
       0.113404       28.884033
       0.113671       28.841550
       0.113939       28.905365
       0.114206       28.914939
       0.114474       28.861079
       0.114741       28.880562
       0.115009       28.888759
       0.115276       28.903179
       0.115544       28.878141
       0.115811       28.849377
       0.116079       28.889234
       0.116346       28.917839
       0.116613       28.981177
       0.116881       28.896531
       0.117148       28.841043
       0.117416       28.851541
       0.117683       28.890839
       0.117951       28.908233
       0.118218       28.924085
       0.118486       28.939951
       0.118753       28.907614
       0.119021       28.920131
       0.119288       28.897667
       0.119556       28.938325
       0.119823       28.885498
       0.120090       28.975481
       0.120358       28.939484
       0.120625       28.977105
       0.120893       28.974872
       0.121160       28.919517
       0.121428       28.908923
       0.121695       28.996088
       0.121963       29.011368
       0.122230       29.083116
       0.122498       28.954289
       0.122765       29.011059
       0.123033       28.981758
       0.123300       29.009970
       0.123567       28.975225
       0.123835       29.018631
       0.124102       28.986399
       0.124370       29.014903
       0.124637       28.990779
       0.124905       28.993732
       0.125172       28.970384
       0.125440       29.091044
       0.125707       28.999643
       0.125975       29.027455
       0.126242       29.014185
       0.126510       29.072015
       0.126777       28.980875
       0.127044       28.996246
       0.127312       29.042115
       0.127579       29.030175
       0.127847       28.994389
       0.128114       29.063793
       0.128382       28.999617
       0.128649       28.974362
       0.128917       29.059323
       0.129184       29.084483
       0.129452       29.046402
       0.129719       29.063324
       0.129987       29.103128
       0.130254       29.054416
       0.130521       28.989743
       0.130789       29.007895
       0.131056       29.064336
       0.131324       29.095303
       0.131591       29.082685
       0.131859       29.042487
       0.132126       28.971871
       0.132394       28.980189
       0.132661       29.032422
       0.132929       28.998735
       0.133196       28.979749
       0.133464       28.984807
       0.133731       29.050260
       0.133999       29.095230
       0.134266       29.062872
       0.134533       29.027264
       0.134801       29.038548
       0.135068       29.021459
       0.135336       28.992991
       0.135603       29.044113
       0.135871       29.024105
       0.136138       29.072100
       0.136406       29.089496
       0.136673       29.127281
       0.136941       29.088893
       0.137208       29.068438
       0.137476       29.076621
       0.137743       29.135625
       0.138010       29.055283
       0.138278       29.105781
       0.138545       29.124001
       0.138813       29.093679
       0.139080       29.158200
       0.139348       29.055208
       0.139615       29.101712
       0.139883       29.104473
       0.140150       29.138172
       0.140418       29.065515
       0.140685       29.099490
       0.140953       29.108846
       0.141220       29.106704
       0.141487       29.083850
       0.141755       29.079797
       0.142022       29.074381
       0.142290       29.069722
       0.142557       29.078140
       0.142825       29.088458
       0.143092       29.094606
       0.143360       29.057527
       0.143627       29.106687
       0.143895       29.136296
       0.144162       29.062578
       0.144430       29.109390
       0.144697       29.069381
       0.144964       29.070297
       0.145232       29.118046
       0.145499       29.091611
       0.145767       29.106429
       0.146034       29.087294
       0.146302       29.098182
       0.146569       29.083771
       0.146837       29.141201
       0.147104       29.146509
       0.147372       29.114829
       0.147639       29.043641
       0.147907       29.165797
       0.148174       29.074078
       0.148441       29.016416
       0.148709       29.055993
       0.148976       29.073363
       0.149244       29.098911
       0.149511       29.043615
       0.149779       29.095324
       0.150046       29.105596
       0.150314       29.102703
       0.150581       29.137218
       0.150849       29.116807
       0.151116       29.054765
       0.151384       29.014072
       0.151651       29.097375
       0.151918       29.123046
       0.152186       29.089726
       0.152453       29.159456
       0.152721       29.188700
       0.152988       29.096542
       0.153256       29.175271
       0.153523       29.126763
       0.153791       29.092761
       0.154058       29.110028
       0.154326       29.151387
       0.154593       29.177700
       0.154861       29.155981
       0.155128       29.099058
       0.155395       29.149563
       0.155663       29.102443
       0.155930       29.083064
       0.156198       29.156562
       0.156465       29.121829
       0.156733       29.130527
       0.157000       29.151196
       0.157268       29.073275
       0.157535       29.173860
       0.157803       29.156942
       0.158070       29.174862
       0.158338       29.165454
       0.158605       29.139991
       0.158873       29.078954
       0.159140       29.153293
       0.159407       29.153587
       0.159675       29.142434
       0.159942       29.097031
       0.160210       29.140777
       0.160477       29.088282
       0.160745       29.124113
       0.161012       29.141452
       0.161280       29.137856
       0.161547       29.124338
       0.161815       29.159927
       0.162082       29.164140
       0.162350       29.165503
       0.162617       29.085790
       0.162884       29.126461
       0.163152       29.154199
       0.163419       29.125238
       0.163687       29.205905
       0.163954       29.217755
       0.164222       29.187696
       0.164489       29.195797
       0.164757       29.172390
       0.165024       29.185047
       0.165292       29.177948
       0.165559       29.207527
       0.165827       29.183218
       0.166094       29.174616
       0.166361       29.122718
       0.166629       29.158725
       0.166896       29.163369
       0.167164       29.112838
       0.167431       29.154535
       0.167699       29.216726
       0.167966       29.077861
       0.168234       29.078540
       0.168501       29.136451
       0.168769       29.179668
       0.169036       29.125060
       0.169304       29.132441
       0.169571       29.146429
       0.169838       29.097763
       0.170106       29.171841
       0.170373       29.164838
       0.170641       29.249375
       0.170908       29.097912
       0.171176       29.104223
       0.171443       29.211635
       0.171711       29.172812
       0.171978       29.221132
       0.172246       29.133653
       0.172513       29.198757
       0.172781       29.159558
       0.173048       29.084451
       0.173315       29.186410
       0.173583       29.223637
       0.173850       29.134906
       0.174118       29.156452
       0.174385       29.197523
       0.174653       29.168998
       0.174920       29.179532
       0.175188       29.113142
       0.175455       29.164342
       0.175723       29.165059
       0.175990       29.050057
       0.176258       29.194225
       0.176525       29.239292
       0.176792       29.138724
       0.177060       29.143410
       0.177327       29.150221
       0.177595       29.165565
       0.177862       29.179893
       0.178130       29.099506
       0.178397       29.177527
       0.178665       29.131699
       0.178932       29.135005
       0.179200       29.107658
       0.179467       29.086557
       0.179735       29.149960
       0.180002       29.112803
       0.180269       29.136860
       0.180537       29.166945
       0.180804       29.151311
       0.181072       29.109472
       0.181339       29.134079
       0.181607       29.084219
       0.181874       29.066649
       0.182142       29.075048
       0.182409       29.120447
       0.182677       29.184154
       0.182944       29.132106
       0.183212       29.142543
       0.183479       29.109233
       0.183746       29.180812
       0.184014       29.123119
       0.184281       29.109059
       0.184549       29.160897
       0.184816       29.113377
       0.185084       29.188778
       0.185351       29.214004
       0.185619       29.108804
       0.185886       29.157484
       0.186154       29.226264
       0.186421       29.190983
       0.186689       29.180662
       0.186956       29.160143
       0.187223       29.129920
       0.187491       29.138646
       0.187758       29.118053
       0.188026       29.152413
       0.188293       29.118312
       0.188561       29.180742
       0.188828       29.069399
       0.189096       29.162161
       0.189363       29.094589
       0.189631       29.126631
       0.189898       29.150462
       0.190166       29.138846
       0.190433       29.161967
       0.190700       29.124191
       0.190968       29.135266
       0.191235       29.167784
       0.191503       29.105637
       0.191770       29.130754
       0.192038       29.167239
       0.192305       29.167468
       0.192573       29.162749
       0.192840       29.145326
       0.193108       29.177515
       0.193375       29.159665
       0.193643       29.171607
       0.193910       29.197469
       0.194177       29.171666
       0.194445       29.145316
       0.194712       29.090799
       0.194980       29.130013
       0.195247       29.136475
       0.195515       29.131534
       0.195782       29.079460
       0.196050       29.137650
       0.196317       29.131442
       0.196585       29.115302
       0.196852       29.150405
       0.197120       29.091672
       0.197387       29.114569
       0.197654       29.134501
       0.197922       29.090017
       0.198189       29.082722
       0.198457       29.151823
       0.198724       29.132912
       0.198992       29.119830
       0.199259       29.112955
       0.199527       29.210111
       0.199794       29.128491
       0.200062       29.108890
       0.200329       29.141353
       0.200597       29.099058
       0.200864       29.115239
       0.201131       29.093857
       0.201399       29.124775
       0.201666       29.104593
       0.201934       29.102935
       0.202201       29.061461
       0.202469       29.110726
       0.202736       29.058656
       0.203004       29.067056
       0.203271       29.095092
       0.203539       29.102988
       0.203806       29.092128
       0.204074       29.089777
       0.204341       29.082558
       0.204608       29.137418
       0.204876       29.040517
       0.205143       29.071752
       0.205411       29.057937
       0.205678       29.084403
       0.205946       29.099720
       0.206213       29.081959
       0.206481       29.065745
       0.206748       29.141739
       0.207016       29.117768
       0.207283       29.190709
       0.207551       29.135944
       0.207818       29.114909
       0.208085       29.128511
       0.208353       29.138978
       0.208620       29.133259
       0.208888       29.101324
       0.209155       29.134422
       0.209423       29.138753
       0.209690       29.104544
       0.209958       29.110255
       0.210225       29.036724
       0.210493       29.134744
       0.210760       29.095872
       0.211028       29.048190
       0.211295       29.079174
       0.211562       29.073134
       0.211830       29.094306
       0.212097       29.146097
       0.212365       29.102040
       0.212632       29.087429
       0.212900       29.106907
       0.213167       29.095825
       0.213435       29.098325
       0.213702       29.127534
       0.213970       29.113044
       0.214237       29.159477
       0.214505       29.101555
       0.214772       29.091893
       0.215039       29.112801
       0.215307       29.038592
       0.215574       29.089767
       0.215842       29.055175
       0.216109       29.096176
       0.216377       29.085843
       0.216644       29.113508
       0.216912       29.067840
       0.217179       29.061749
       0.217447       29.111025
       0.217714       29.068115
       0.217982       29.068235
       0.218249       29.042436
       0.218516       29.062822
       0.218784       29.066566
       0.219051       29.063544
       0.219319       29.096663
       0.219586       29.127285
       0.219854       29.098127
       0.220121       29.150058
       0.220389       29.137257
       0.220656       29.091120
       0.220924       29.021612
       0.221191       29.118817
       0.221459       29.111717
       0.221726       29.101008
       0.221994       29.042314
       0.222261       29.110558
       0.222528       29.138732
       0.222796       29.063202
       0.223063       29.117906
       0.223331       29.151527
       0.223598       29.107100
       0.223866       29.076056
       0.224133       29.071135
       0.224401       29.059581
       0.224668       29.075121
       0.224936       29.042386
       0.225203       29.103376
       0.225471       29.104801
       0.225738       29.117561
       0.226005       29.126575
       0.226273       29.077012
       0.226540       29.142314
       0.226808       29.066224
       0.227075       29.046988
       0.227343       29.046256
       0.227610       29.096387
       0.227878       29.116034
       0.228145       29.156861
       0.228413       29.181823
       0.228680       29.103085
       0.228948       29.140996
       0.229215       29.094622
       0.229482       29.107267
       0.229750       29.068317
       0.230017       29.083477
       0.230285       29.049287
       0.230552       29.067318
       0.230820       29.083705
       0.231087       29.056855
       0.231355       29.076207
       0.231622       29.095724
       0.231890       29.070772
       0.232157       29.077318
       0.232425       29.063331
       0.232692       29.096863
       0.232959       29.132579
       0.233227       29.106152
       0.233494       29.120512
       0.233762       29.091531
       0.234029       29.123821
       0.234297       29.101705
       0.234564       29.131771
       0.234832       29.061211
       0.235099       29.049803
       0.235367       29.043061
       0.235634       29.107649
       0.235902       29.129160
       0.236169       29.072198
       0.236436       29.109388
       0.236704       29.103393
       0.236971       29.109423
       0.237239       29.042016
       0.237506       29.075373
       0.237774       29.087944
       0.238041       29.070446
       0.238309       29.034680
       0.238576       29.097811
       0.238844       29.052541
       0.239111       29.027334
       0.239379       29.110391
       0.239646       29.062673
       0.239913       29.061234
       0.240181       29.107644
       0.240448       29.085577
       0.240716       29.074505
       0.240983       29.017029
       0.241251       29.097362
       0.241518       29.035526
       0.241786       29.047335
       0.242053       29.050141
       0.242321       29.057433
       0.242588       29.086276
       0.242856       29.032236
       0.243123       29.074353
       0.243390       29.090486
       0.243658       29.049211
       0.243925       29.072055
       0.244193       29.012398
       0.244460       29.021922
       0.244728       29.054756
       0.244995       29.131866
       0.245263       29.049541
       0.245530       29.098568
       0.245798       29.037796
       0.246065       29.085414
       0.246333       29.060527
       0.246600       29.051010
       0.246867       29.015286
       0.247135       29.012247
       0.247402       29.057445
       0.247670       29.073384
       0.247937       29.006727
       0.248205       29.066369
       0.248472       29.002817
       0.248740       29.007702
       0.249007       29.064157
       0.249275       29.032585
       0.249542       28.975606
       0.249810       29.006671
       0.250077       29.033130
       0.250344       28.977501
       0.250612       28.983830
       0.250879       28.990655
       0.251147       29.058787
       0.251414       28.987555
       0.251682       29.044344
       0.251949       29.035895
       0.252217       29.059216
       0.252484       29.019513
       0.252752       29.053542
       0.253019       29.020623
       0.253287       29.008018
       0.253554       29.037186
       0.253821       29.064660
       0.254089       29.108099
       0.254356       29.001196
       0.254624       29.078500
       0.254891       29.017165
       0.255159       29.068717
       0.255426       29.061333
       0.255694       29.080935
       0.255961       29.025157
       0.256229       29.034684
       0.256496       29.039529
       0.256764       29.027898
       0.257031       28.995700
       0.257298       29.038427
       0.257566       28.975865
       0.257833       29.117819
       0.258101       29.061877
       0.258368       29.065727
       0.258636       29.041046
       0.258903       28.981522
       0.259171       29.108616
       0.259438       29.037677
       0.259706       29.068091
       0.259973       29.035877
       0.260241       29.049621
       0.260508       29.044814
       0.260775       29.064220
       0.261043       29.084636
       0.261310       28.942031
       0.261578       29.057893
       0.261845       29.033276
       0.262113       29.075100
       0.262380       29.013424
       0.262648       28.995973
       0.262915       28.985022
       0.263183       28.995401
       0.263450       28.919187
       0.263718       29.026506
       0.263985       28.950786
       0.264253       29.005073
       0.264520       29.006680
       0.264787       29.008274
       0.265055       29.037326
       0.265322       28.984218
       0.265590       28.966395
       0.265857       28.966669
       0.266125       28.917690
       0.266392       28.982259
       0.266660       28.980046
       0.266927       28.997689
       0.267195       29.050129
       0.267462       28.994674
       0.267730       28.967187
       0.267997       28.980481
       0.268264       28.963978
       0.268532       28.979912
       0.268799       29.040521
       0.269067       28.943393
       0.269334       29.011162
       0.269602       28.991836
       0.269869       29.009617
       0.270137       28.963944
       0.270404       29.041238
       0.270672       29.040418
       0.270939       28.979240
       0.271207       29.045350
       0.271474       28.942120
       0.271741       28.989785
       0.272009       29.016109
       0.272276       28.976785
       0.272544       28.994795
       0.272811       28.959018
       0.273079       28.992691
       0.273346       28.995226
       0.273614       29.060923
       0.273881       28.977351
       0.274149       29.031566
       0.274416       28.961087
       0.274684       28.981424
       0.274951       28.999162
       0.275218       28.962690
       0.275486       28.954578
       0.275753       29.048020
       0.276021       28.980276
       0.276288       29.014853
       0.276556       29.016027
       0.276823       28.977934
       0.277091       28.977298
       0.277358       28.972149
       0.277626       28.993033
       0.277893       29.003299
       0.278161       29.074173
       0.278428       29.002338
       0.278695       28.994827
       0.278963       29.006032
       0.279230       28.989548
       0.279498       28.962257
       0.279765       28.934869
       0.280033       28.972160
       0.280300       28.989117
       0.280568       28.989893
       0.280835       28.949494
       0.281103       29.014760
       0.281370       29.046080
       0.281638       28.978581
       0.281905       29.013467
       0.282172       28.953628
       0.282440       28.975910
       0.282707       28.960211
       0.282975       28.979784
       0.283242       29.034796
       0.283510       29.024983
       0.283777       28.991898
       0.284045       29.017984
       0.284312       28.985129
       0.284580       28.961448
       0.284847       28.910549
       0.285115       28.923203
       0.285382       28.959765
       0.285649       29.003411
       0.285917       28.949907
       0.286184       28.974434
       0.286452       28.914691
       0.286719       28.984348
       0.286987       28.937732
       0.287254       28.950684
       0.287522       28.930845
       0.287789       28.899568
       0.288057       28.899183
       0.288324       28.937733
       0.288592       28.960294
       0.288859       28.931255
       0.289126       28.934185
       0.289394       28.949700
       0.289661       28.898440
       0.289929       28.922702
       0.290196       28.999523
       0.290464       29.023938
       0.290731       28.976983
       0.290999       28.983709
       0.291266       28.930477
       0.291534       28.969396
       0.291801       28.974389
       0.292069       28.987199
       0.292336       29.056604
       0.292604       28.965899
       0.292871       28.952782
       0.293138       28.938105
       0.293406       29.030125
       0.293673       28.951368
       0.293941       28.970052
       0.294208       28.950587
       0.294476       28.975050
       0.294743       28.939443
       0.295011       28.932787
       0.295278       29.008428
       0.295546       28.966474
       0.295813       28.936859
       0.296081       28.975069
       0.296348       28.966701
       0.296615       28.962817
       0.296883       28.973771
       0.297150       28.997428
       0.297418       28.971817
       0.297685       28.971827
       0.297953       28.999181
       0.298220       28.959302
       0.298488       28.904800
       0.298755       28.954033
       0.299023       28.916365
       0.299290       28.986537
       0.299558       28.972517
       0.299825       28.903139
       0.300092       28.952503
       0.300360       28.906543
       0.300627       28.957351
       0.300895       28.986300
       0.301162       28.976705
       0.301430       28.940042
       0.301697       28.963740
       0.301965       28.965051
       0.302232       28.974943
       0.302500       28.984746
       0.302767       28.961357
       0.303035       28.983990
       0.303302       29.017709
       0.303569       29.014262
       0.303837       28.967768
       0.304104       28.957772
       0.304372       28.931194
       0.304639       28.999847
       0.304907       28.928876
       0.305174       29.018251
       0.305442       28.929015
       0.305709       28.939530
       0.305977       28.931676
       0.306244       28.974303
       0.306512       28.902033
       0.306779       28.969910
       0.307046       29.005134
       0.307314       28.961156
       0.307581       28.981345
       0.307849       28.969193
       0.308116       28.989851
       0.308384       28.986393
       0.308651       28.906777
       0.308919       28.953681
       0.309186       28.936623
       0.309454       28.985057
       0.309721       29.035603
       0.309989       28.943307
       0.310256       28.903990
       0.310523       28.963019
       0.310791       29.044468
       0.311058       28.966664
       0.311326       28.924841
       0.311593       28.956127
       0.311861       28.965366
       0.312128       28.974006
       0.312396       28.978864
       0.312663       28.986020
       0.312931       28.992240
       0.313198       28.975870
       0.313466       28.946308
       0.313733       28.984221
       0.314000       28.965861
       0.314268       28.970883
       0.314535       28.988343
       0.314803       28.977461
       0.315070       28.934652
       0.315338       28.944986
       0.315605       28.930476
       0.315873       28.933075
       0.316140       28.906131
       0.316408       28.987001
       0.316675       28.938341
       0.316943       28.898021
       0.317210       29.010664
       0.317477       28.994434
       0.317745       28.890601
       0.318012       29.005958
       0.318280       28.977664
       0.318547       28.959484
       0.318815       28.983776
       0.319082       28.944437
       0.319350       28.954504
       0.319617       28.980565
       0.319885       28.996190
       0.320152       28.973217
       0.320420       28.894001
       0.320687       28.912141
       0.320955       29.005534
       0.321222       28.956047
       0.321489       28.943538
       0.321757       28.904169
       0.322024       28.929433
       0.322292       28.963968
       0.322559       28.974061
       0.322827       28.955410
       0.323094       28.958995
       0.323362       29.009572
       0.323629       28.976130
       0.323897       28.915118
       0.324164       29.012179
       0.324432       28.998290
       0.324699       29.017139
       0.324966       28.967150
       0.325234       28.993197
       0.325501       29.000882
       0.325769       28.981029
       0.326036       28.977596
       0.326304       28.888986
       0.326571       28.974545
       0.326839       28.920543
       0.327106       28.963015
       0.327374       28.932474
       0.327641       28.917476
       0.327909       28.986312
       0.328176       28.968011
       0.328443       28.962341
       0.328711       28.904440
       0.328978       28.923267
       0.329246       28.913185
       0.329513       28.970525
       0.329781       28.921765
       0.330048       28.952929
       0.330316       28.943880
       0.330583       28.925090
       0.330851       28.943541
       0.331118       28.961329
       0.331386       29.046937
       0.331653       29.021833
       0.331920       28.893048
       0.332188       28.899682
       0.332455       28.963749
       0.332723       28.966254
       0.332990       28.942286
       0.333258       28.937959
       0.333525       28.958633
       0.333793       28.955222
       0.334060       28.906881
       0.334328       28.925353
       0.334595       28.921943
       0.334863       28.943547
       0.335130       28.924342
       0.335397       29.088576
       0.335665       29.002318
       0.335932       28.980469
       0.336200       29.028112
       0.336467       28.908624
       0.336735       28.968995
       0.337002       28.941620
       0.337270       28.920337
       0.337537       28.959899
       0.337805       28.881704
       0.338072       28.946858
       0.338340       28.962525
       0.338607       28.903313
       0.338874       28.970885
       0.339142       28.947024
       0.339409       28.916310
       0.339677       28.954410
       0.339944       28.930021
       0.340212       28.916977
       0.340479       28.896526
       0.340747       28.969740
       0.341014       28.936697
       0.341282       28.896417
       0.341549       28.904053
       0.341817       28.911297
       0.342084       28.946016
       0.342351       28.860769
       0.342619       28.938625
       0.342886       28.963452
       0.343154       28.945223
       0.343421       28.950537
       0.343689       28.941525
       0.343956       28.935109
       0.344224       28.951666
       0.344491       28.987252
       0.344759       28.906394
       0.345026       28.961959
       0.345294       28.945146
       0.345561       28.967899
       0.345828       28.959541
       0.346096       28.952799
       0.346363       28.963657
       0.346631       28.943483
       0.346898       28.959690
       0.347166       28.958464
       0.347433       28.966740
       0.347701       28.964644
       0.347968       28.954185
       0.348236       28.916773
       0.348503       28.956876
       0.348771       28.940241
       0.349038       28.913054
       0.349306       28.882285
       0.349573       28.941945
       0.349840       28.827981
       0.350108       28.906654
       0.350375       28.900445
       0.350643       28.938593
       0.350910       28.935408
       0.351178       28.912609
       0.351445       28.965110
       0.351713       29.008692
       0.351980       28.938931
       0.352248       28.935280
       0.352515       28.905286
       0.352783       28.916774
       0.353050       28.941305
       0.353317       28.925950
       0.353585       28.921182
       0.353852       28.915866
       0.354120       28.903510
       0.354387       28.913831
       0.354655       28.886726
       0.354922       28.914537
       0.355190       28.954856
       0.355457       28.947529
       0.355725       28.940874
       0.355992       28.898325
       0.356260       28.865731
       0.356527       28.902202
       0.356794       28.913047
       0.357062       28.902051
       0.357329       28.943721
       0.357597       28.938559
       0.357864       28.907811
       0.358132       28.942579
       0.358399       28.955449
       0.358667       28.901033
       0.358934       28.932602
       0.359202       28.944936
       0.359469       28.909989
       0.359737       28.925354
       0.360004       28.890343
       0.360271       28.920629
       0.360539       28.893726
       0.360806       28.909062
       0.361074       28.886617
       0.361341       28.911068
       0.361609       28.892908
       0.361876       28.890460
       0.362144       28.905462
       0.362411       28.906642
       0.362679       29.007491
       0.362946       28.955605
       0.363214       28.930069
       0.363481       28.921229
       0.363748       28.937465
       0.364016       28.954577
       0.364283       28.916509
       0.364551       28.941351
       0.364818       28.929599
       0.365086       28.929421
       0.365353       28.988389
       0.365621       28.958420
       0.365888       28.973136
       0.366156       28.939942
       0.366423       28.867828
       0.366691       28.980322
       0.366958       28.967278
       0.367225       28.889824
       0.367493       28.910358
       0.367760       28.945093
       0.368028       28.934809
       0.368295       28.941541
       0.368563       28.892373
       0.368830       28.924956
       0.369098       28.897021
       0.369365       28.937491
       0.369633       28.899654
       0.369900       28.943176
       0.370168       28.922864
       0.370435       28.868340
       0.370702       28.878354
       0.370970       28.889638
       0.371237       28.921569
       0.371505       28.943193
       0.371772       28.923642
       0.372040       28.915943
       0.372307       28.920290
       0.372575       28.867220
       0.372842       28.854245
       0.373110       28.887288
       0.373377       28.875625
       0.373645       28.962373
       0.373912       28.956449
       0.374179       28.954468
       0.374447       28.885350
       0.374714       28.951398
       0.374982       28.920878
       0.375249       28.990656
       0.375517       28.946599
       0.375784       28.906758
       0.376052       28.898838
       0.376319       28.907528
       0.376587       28.952395
       0.376854       28.891516
       0.377122       28.876091
       0.377389       28.880614
       0.377656       28.828286
       0.377924       28.966979
       0.378191       28.907279
       0.378459       28.876130
       0.378726       28.975743
       0.378994       28.877788
       0.379261       28.909282
       0.379529       28.946992
       0.379796       28.913490
       0.380064       28.909177
       0.380331       28.966425
       0.380599       28.922207
       0.380866       28.943753
       0.381133       28.896459
       0.381401       28.874946
       0.381668       28.912207
       0.381936       28.895947
       0.382203       28.890700
       0.382471       28.972554
       0.382738       28.944227
       0.383006       28.926460
       0.383273       28.899532
       0.383541       28.965750
       0.383808       28.894999
       0.384076       29.002859
       0.384343       28.932631
       0.384610       28.933859
       0.384878       28.959337
       0.385145       28.891272
       0.385413       28.932892
       0.385680       28.937180
       0.385948       28.960199
       0.386215       28.987014
       0.386483       28.904870
       0.386750       28.898990
       0.387018       28.916893
       0.387285       28.942729
       0.387553       28.936283
       0.387820       28.959405
       0.388088       28.933912
       0.388355       28.933161
       0.388622       28.937132
       0.388890       28.919674
       0.389157       28.907758
       0.389425       28.909773
       0.389692       28.914321
       0.389960       28.992059
       0.390227       28.927875
       0.390495       28.968078
       0.390762       28.938133
       0.391030       28.879436
       0.391297       28.897092
       0.391565       28.911398
       0.391832       28.932354
       0.392099       28.937072
       0.392367       28.987405
       0.392634       28.915313
       0.392902       28.969382
       0.393169       28.963777
       0.393437       29.075079
       0.393704       29.028553
       0.393972       28.922825
       0.394239       28.982970
       0.394507       28.895807
       0.394774       28.972269
       0.395042       29.023420
       0.395309       28.993038
       0.395576       28.953898
       0.395844       28.955038
       0.396111       28.974310
       0.396379       28.958808
       0.396646       29.015331
       0.396914       29.018248
       0.397181       28.998559
       0.397449       28.972420
       0.397716       28.982030
       0.397984       28.948761
       0.398251       29.043068
       0.398519       28.918699
       0.398786       29.005747
       0.399053       28.979382
       0.399321       29.009861
       0.399588       29.006123
       0.399856       29.048775
       0.400123       28.972810
       0.400391       29.022280
       0.400658       28.960409
       0.400926       28.969902
       0.401193       28.956270
       0.401461       28.938000
       0.401728       29.005423
       0.401996       28.975189
       0.402263       28.950614
       0.402530       29.018444
       0.402798       29.015330
       0.403065       29.010856
       0.403333       28.959004
       0.403600       28.931764
       0.403868       28.992958
       0.404135       28.972184
       0.404403       28.942336
       0.404670       28.977814
       0.404938       28.991083
       0.405205       28.995568
       0.405473       28.925648
       0.405740       28.952482
       0.406007       28.991908
       0.406275       29.056666
       0.406542       28.978142
       0.406810       28.990016
       0.407077       28.990112
       0.407345       28.977387
       0.407612       28.966515
       0.407880       28.978908
       0.408147       28.974778
       0.408415       28.936271
       0.408682       28.989959
       0.408950       28.968479
       0.409217       28.933788
       0.409484       28.983204
       0.409752       28.991792
       0.410019       28.986210
       0.410287       29.046539
       0.410554       28.978326
       0.410822       29.013566
       0.411089       28.973658
       0.411357       29.007648
       0.411624       28.969981
       0.411892       28.960953
       0.412159       28.951292
       0.412427       29.018861
       0.412694       28.960197
       0.412961       28.938291
       0.413229       28.970181
       0.413496       28.934779
       0.413764       28.978177
       0.414031       29.016839
       0.414299       28.970064
       0.414566       29.014428
       0.414834       29.011178
       0.415101       29.004607
       0.415369       29.043063
       0.415636       29.008119
       0.415904       28.965912
       0.416171       29.001605
       0.416439       28.957212
       0.416706       29.045079
       0.416973       28.993864
       0.417241       28.974860
       0.417508       29.028993
       0.417776       29.020300
       0.418043       28.950676
       0.418311       28.981646
       0.418578       29.029683
       0.418846       28.976851
       0.419113       29.032444
       0.419381       29.053999
       0.419648       29.025761
       0.419916       29.028486
       0.420183       29.007451
       0.420450       28.972426
       0.420718       29.042160
       0.420985       29.020404
       0.421253       29.061779
       0.421520       29.011630
       0.421788       28.995855
       0.422055       28.999688
       0.422323       29.044940
       0.422590       29.050620
       0.422858       29.036515
       0.423125       28.990551
       0.423393       29.010323
       0.423660       28.994307
       0.423927       28.977063
       0.424195       28.982056
       0.424462       28.982767
       0.424730       28.989570
       0.424997       28.952753
       0.425265       28.978352
       0.425532       29.029459
       0.425800       28.954375
       0.426067       29.051327
       0.426335       29.044898
       0.426602       29.058898
       0.426870       29.078988
       0.427137       29.033606
       0.427404       29.033158
       0.427672       29.009588
       0.427939       29.037893
       0.428207       28.925968
       0.428474       29.022613
       0.428742       28.997977
       0.429009       29.007520
       0.429277       29.111915
       0.429544       29.080865
       0.429812       29.037541
       0.430079       29.020367
       0.430347       29.029747
       0.430614       29.083439
       0.430881       29.024169
       0.431149       29.041546
       0.431416       29.057086
       0.431684       29.006492
       0.431951       28.990590
       0.432219       29.031525
       0.432486       29.079976
       0.432754       29.064183
       0.433021       29.015911
       0.433289       29.085580
       0.433556       28.931058
       0.433824       28.972027
       0.434091       28.956343
       0.434358       28.900891
       0.434626       28.967338
       0.434893       28.946508
       0.435161       28.961065
       0.435428       28.856095
       0.435696       28.904876
       0.435963       28.986476
       0.436231       29.008160
       0.436498       29.030650
       0.436766       28.843313
       0.437033       28.948737
       0.437301       28.873130
       0.437568       28.894123
       0.437835       28.823645
       0.438103       28.938249
       0.438370       28.924026
       0.438638       28.974173
       0.438905       29.004744
       0.439173       28.964681
       0.439440       28.913108
       0.439708       28.952818
       0.439975       28.984818
       0.440243       28.972055
       0.440510       28.975754
       0.440778       29.008447
       0.441045       28.973727
       0.441313       28.947728
       0.441580       28.929337
       0.441847       28.908303
       0.442115       28.876028
       0.442382       28.917916
       0.442650       28.979976
       0.442917       29.003249
       0.443185       28.956935
       0.443452       29.056644
       0.443720       29.046015
       0.443987       29.003349
       0.444255       29.026401
       0.444522       28.986703
       0.444790       28.971914
       0.445057       29.049062
       0.445324       29.018891
       0.445592       28.949934
       0.445859       28.970477
       0.446127       29.010548
       0.446394       29.019173
       0.446662       29.048018
       0.446929       29.051754
       0.447197       28.956298
       0.447464       28.990059
       0.447732       29.006885
       0.447999       29.039515
       0.448267       29.032071
       0.448534       29.004147
       0.448801       29.008688
       0.449069       28.975117
       0.449336       29.027870
       0.449604       29.001996
       0.449871       29.065870
       0.450139       29.043481
       0.450406       29.058996
       0.450674       28.993994
       0.450941       29.035357
       0.451209       29.121760
       0.451476       29.027052
       0.451744       29.072473
       0.452011       29.095492
       0.452278       28.997631
       0.452546       29.032643
       0.452813       29.000342
       0.453081       29.023334
       0.453348       29.063206
       0.453616       29.055061
       0.453883       28.994788
       0.454151       29.036943
       0.454418       29.053627
       0.454686       29.015293
       0.454953       28.993131
       0.455221       29.075924
       0.455488       29.024766
       0.455755       29.039155
       0.456023       29.049229
       0.456290       29.052165
       0.456558       29.016624
       0.456825       29.014932
       0.457093       29.037015
       0.457360       29.056916
       0.457628       29.032733
       0.457895       29.013501
       0.458163       29.010295
       0.458430       29.110694
       0.458698       29.070683
       0.458965       29.057697
       0.459232       28.988720
       0.459500       29.064592
       0.459767       29.090726
       0.460035       29.023690
       0.460302       29.057683
       0.460570       29.091250
       0.460837       29.055378
       0.461105       29.060892
       0.461372       29.000981
       0.461640       29.007585
       0.461907       29.025254
       0.462175       29.091022
       0.462442       29.074052
       0.462709       29.068506
       0.462977       29.015614
       0.463244       29.055262
       0.463512       29.066973
       0.463779       29.109661
       0.464047       29.115249
       0.464314       29.060224
       0.464582       28.852603
       0.464849       29.018486
       0.465117       29.137719
       0.465384       29.156206
       0.465652       29.102827
       0.465919       29.080062
       0.466186       29.137227
       0.466454       29.111331
       0.466721       29.096909
       0.466989       29.145432
       0.467256       29.090260
       0.467524       29.091401
       0.467791       29.173889
       0.468059       29.099000
       0.468326       29.114251
       0.468594       29.098096
       0.468861       29.132920
       0.469129       29.088613
       0.469396       29.010377
       0.469663       28.948962
       0.469931       28.939058
       0.470198       28.972745
       0.470466       29.063427
       0.470733       29.069415
       0.471001       28.986026
       0.471268       29.076843
       0.471536       29.115735
       0.471803       29.174768
       0.472071       29.072692
       0.472338       29.054445
       0.472606       29.105418
       0.472873       29.048246
       0.473140       28.891841
       0.473408       29.115979
       0.473675       29.092204
       0.473943       29.082910
       0.474210       29.091097
       0.474478       29.120357
       0.474745       29.067651
       0.475013       29.122506
       0.475280       29.112798
       0.475548       29.006304
       0.475815       28.997070
       0.476083       29.028023
       0.476350       29.059849
       0.476617       29.116975
       0.476885       29.122284
       0.477152       29.115825
       0.477420       29.100726
       0.477687       29.146635
       0.477955       29.048896
       0.478222       29.114248
       0.478490       29.196696
       0.478757       29.127809
       0.479025       29.134492
       0.479292       29.102504
       0.479560       29.104492
       0.479827       29.103225
       0.480094       29.133120
       0.480362       29.055566
       0.480629       29.005263
       0.480897       29.148294
       0.481164       29.103619
       0.481432       29.091396
       0.481699       29.111598
       0.481967       29.072796
       0.482234       28.931222
       0.482502       29.034069
       0.482769       29.145195
       0.483037       29.070005
       0.483304       29.075149
       0.483571       29.110138
       0.483839       29.112242
       0.484106       29.070073
       0.484374       29.128975
       0.484641       29.167973
       0.484909       29.138926
       0.485176       29.162521
       0.485444       29.086669
       0.485711       29.141730
       0.485979       29.134388
       0.486246       29.124870
       0.486514       29.107372
       0.486781       29.135923
       0.487048       29.184401
       0.487316       29.145641
       0.487583       29.207050
       0.487851       29.131692
       0.488118       29.134637
       0.488386       29.146549
       0.488653       29.027488
       0.488921       29.175002
       0.489188       29.153912
       0.489456       29.126519
       0.489723       29.176499
       0.489991       29.152199
       0.490258       29.177091
       0.490526       29.084677
       0.490793       29.174838
       0.491060       29.205086
       0.491328       29.037801
       0.491595       29.124799
       0.491863       29.123732
       0.492130       29.122644
       0.492398       29.146457
       0.492665       29.178510
       0.492933       29.129600
       0.493200       29.131260
       0.493468       29.145188
       0.493735       29.149518
       0.494003       29.142175
       0.494270       29.185811
       0.494537       29.190927
       0.494805       29.154281
       0.495072       29.263706
       0.495340       29.205124
       0.495607       29.213298
       0.495875       29.051161
       0.496142       29.196515
       0.496410       29.117541
       0.496677       29.171364
       0.496945       29.210481
       0.497212       29.204810
       0.497480       29.243536
       0.497747       29.197091
       0.498014       29.220290
       0.498282       29.233434
       0.498549       29.234023
       0.498817       29.213282
       0.499084       29.183038
       0.499352       29.232770
       0.499619       29.217334
       0.499887       29.202402
       0.500154       29.188669
       0.500422       29.135274
       0.500689       29.150400
       0.500957       29.181815
       0.501224       29.244166
       0.501491       29.261790
       0.501759       29.186099
       0.502026       29.149338
       0.502294       29.155883
       0.502561       29.171464
       0.502829       29.183893
       0.503096       29.170763
       0.503364       29.203333
       0.503631       29.199813
       0.503899       29.195712
       0.504166       29.189897
       0.504434       29.216893
       0.504701       29.245492
       0.504968       29.240671
       0.505236       29.177881
       0.505503       29.330401
       0.505771       29.225462
       0.506038       29.225982
       0.506306       29.228212
       0.506573       29.216460
       0.506841       29.189382
       0.507108       29.236937
       0.507376       29.221298
       0.507643       29.181407
       0.507911       29.178199
       0.508178       29.204301
       0.508445       29.249207
       0.508713       29.226438
       0.508980       29.166952
       0.509248       29.205674
       0.509515       29.183464
       0.509783       29.241718
       0.510050       29.155020
       0.510318       29.250739
       0.510585       29.263042
       0.510853       29.251859
       0.511120       29.325641
       0.511388       29.261284
       0.511655       29.295317
       0.511922       29.303554
       0.512190       29.322145
       0.512457       29.305615
       0.512725       29.335099
       0.512992       29.316874
       0.513260       29.247726
       0.513527       29.306334
       0.513795       29.252054
       0.514062       29.290893
       0.514330       29.293186
       0.514597       29.243052
       0.514865       29.312149
       0.515132       29.276776
       0.515399       29.232919
       0.515667       29.272052
       0.515934       29.220766
       0.516202       29.203203
       0.516469       29.288667
       0.516737       29.251267
       0.517004       29.257657
       0.517272       29.242048
       0.517539       29.271266
       0.517807       29.271195
       0.518074       29.325071
       0.518342       29.280721
       0.518609       29.267464
       0.518877       29.249273
       0.519144       29.225186
       0.519411       29.230028
       0.519679       29.272183
       0.519946       29.305050
       0.520214       29.307604
       0.520481       29.251720
       0.520749       29.259493
       0.521016       29.171726
       0.521284       29.240650
       0.521551       29.296313
       0.521819       29.218753
       0.522086       29.274179
       0.522354       29.281021
       0.522621       29.164364
       0.522888       29.269965
       0.523156       29.216360
       0.523423       29.230256
       0.523691       29.354424
       0.523958       29.348160
       0.524226       29.239744
       0.524493       29.319287
       0.524761       29.265145
       0.525028       29.296367
       0.525296       29.337901
       0.525563       29.224354
       0.525831       29.150204
       0.526098       29.317320
       0.526365       29.347851
       0.526633       29.330088
       0.526900       29.248708
       0.527168       29.323630
       0.527435       29.345993
       0.527703       29.354925
       0.527970       29.368057
       0.528238       29.305355
       0.528505       29.374694
       0.528773       29.285122
       0.529040       29.311735
       0.529308       29.344609
       0.529575       29.330949
       0.529842       29.350111
       0.530110       29.263140
       0.530377       29.334145
       0.530645       29.340476
       0.530912       29.299936
       0.531180       29.320664
       0.531447       29.306485
       0.531715       29.309000
       0.531982       29.236255
       0.532250       29.370237
       0.532517       29.304897
       0.532785       29.288962
       0.533052       29.297386
       0.533319       29.395495
       0.533587       29.322773
       0.533854       29.305837
       0.534122       29.325420
       0.534389       29.257554
       0.534657       29.340653
       0.534924       29.358324
       0.535192       29.366078
       0.535459       29.306280
       0.535727       29.288786
       0.535994       29.229273
       0.536262       29.253689
       0.536529       29.357280
       0.536796       29.341900
       0.537064       29.259225
       0.537331       29.327848
       0.537599       29.266972
       0.537866       29.312671
       0.538134       29.349681
       0.538401       29.373044
       0.538669       29.376235
       0.538936       29.384743
       0.539204       29.265657
       0.539471       29.384026
       0.539739       29.299710
       0.540006       29.383004
       0.540273       29.189542
       0.540541       29.235007
       0.540808       29.338407
       0.541076       29.186396
       0.541343       29.298752
       0.541611       29.375203
       0.541878       29.319273
       0.542146       29.342545
       0.542413       29.330871
       0.542681       29.328989
       0.542948       29.389868
       0.543216       29.397327
       0.543483       29.321326
       0.543750       29.370649
       0.544018       29.358082
       0.544285       29.376485
       0.544553       29.453791
       0.544820       29.365315
       0.545088       29.366924
       0.545355       29.368768
       0.545623       29.406173
       0.545890       29.380247
       0.546158       29.437047
       0.546425       29.397374
       0.546693       29.332733
       0.546960       29.415305
       0.547227       29.403125
       0.547495       29.434078
       0.547762       29.456494
       0.548030       29.423681
       0.548297       29.395924
       0.548565       29.362495
       0.548832       29.424324
       0.549100       29.418318
       0.549367       29.386719
       0.549635       29.428239
       0.549902       29.363677
       0.550170       29.396394
       0.550437       29.356141
       0.550704       29.362094
       0.550972       29.399169
       0.551239       29.423936
       0.551507       29.417991
       0.551774       29.421927
       0.552042       29.381814
       0.552309       29.412249
       0.552577       29.326371
       0.552844       29.459627
       0.553112       29.413034
       0.553379       29.330199
       0.553647       29.323629
       0.553914       29.367486
       0.554181       29.368049
       0.554449       29.381669
       0.554716       29.320838
       0.554984       29.458908
       0.555251       29.356659
       0.555519       29.361585
       0.555786       29.418106
       0.556054       29.376260
       0.556321       29.308352
       0.556589       29.454495
       0.556856       29.447475
       0.557124       29.411216
       0.557391       29.399677
       0.557658       29.305586
       0.557926       29.453436
       0.558193       29.465973
       0.558461       29.468098
       0.558728       29.420518
       0.558996       29.433980
       0.559263       29.401950
       0.559531       29.409916
       0.559798       29.422596
       0.560066       29.442367
       0.560333       29.473789
       0.560601       29.403175
       0.560868       29.404148
       0.561135       29.409341
       0.561403       29.429945
       0.561670       29.385737
       0.561938       29.413254
       0.562205       29.458858
       0.562473       29.350814
       0.562740       29.373002
       0.563008       29.389531
       0.563275       29.355150
       0.563543       29.266156
       0.563810       29.427096
       0.564078       29.433067
       0.564345       29.457996
       0.564612       29.428608
       0.564880       29.394109
       0.565147       29.414231
       0.565415       29.322854
       0.565682       29.423993
       0.565950       29.394754
       0.566217       29.394422
       0.566485       29.453835
       0.566752       29.359523
       0.567020       29.406134
       0.567287       29.461239
       0.567555       29.390748
       0.567822       29.407172
       0.568089       29.444119
       0.568357       29.358009
       0.568624       29.377493
       0.568892       29.266393
       0.569159       29.165118
       0.569427       29.214443
       0.569694       29.492478
       0.569962       29.309758
       0.570229       29.436202
       0.570497       29.442268
       0.570764       29.466107
       0.571032       29.427002
       0.571299       29.454012
       0.571566       29.349421
       0.571834       29.500111
       0.572101       29.475055
       0.572369       29.378682
       0.572636       29.418181
       0.572904       29.429277
       0.573171       29.330083
       0.573439       29.380090
       0.573706       29.474208
       0.573974       29.367858
       0.574241       29.366423
       0.574509       29.469870
       0.574776       29.461218
       0.575044       29.479255
       0.575311       29.431303
       0.575578       29.519073
       0.575846       29.462737
       0.576113       29.527210
       0.576381       29.518312
       0.576648       29.531086
       0.576916       29.477331
       0.577183       29.485780
       0.577451       29.424141
       0.577718       29.422811
       0.577986       29.454390
       0.578253       29.506421
       0.578521       29.443772
       0.578788       29.466511
       0.579055       29.479679
       0.579323       29.459351
       0.579590       29.443484
       0.579858       29.445993
       0.580125       29.478888
       0.580393       29.503197
       0.580660       29.440509
       0.580928       29.526881
       0.581195       29.535529
       0.581463       29.389118
       0.581730       29.461663
       0.581997       29.333268
       0.582265       29.452629
       0.582532       29.517609
       0.582800       29.419872
       0.583067       29.403410
       0.583335       29.599296
       0.583602       29.524687
       0.583870       29.400076
       0.584137       29.477193
       0.584405       29.455201
       0.584672       29.483306
       0.584940       29.487447
       0.585207       29.499532
       0.585475       29.428247
       0.585742       29.487474
       0.586009       29.492574
       0.586277       29.412131
       0.586544       29.470893
       0.586812       29.470127
       0.587079       29.466806
       0.587347       29.476553
       0.587614       29.454578
       0.587882       29.545782
       0.588149       29.514121
       0.588417       29.494400
       0.588684       29.448765
       0.588952       29.558128
       0.589219       29.476433
       0.589486       29.452121
       0.589754       29.521734
       0.590021       29.487466
       0.590289       29.482178
       0.590556       29.525678
       0.590824       29.437658
       0.591091       29.513469
       0.591359       29.470633
       0.591626       29.423137
       0.591894       29.478909
       0.592161       29.509695
       0.592429       29.416675
       0.592696       29.393583
       0.592963       29.554242
       0.593231       29.503671
       0.593498       29.498493
       0.593766       29.513447
       0.594033       29.519771
       0.594301       29.577704
       0.594568       29.527932
       0.594836       29.496976
       0.595103       29.506965
       0.595371       29.518712
       0.595638       29.533561
       0.595906       29.476182
       0.596173       29.475993
       0.596440       29.497670
       0.596708       29.518535
       0.596975       29.546917
       0.597243       29.456443
       0.597510       29.551647
       0.597778       29.589743
       0.598045       29.514458
       0.598313       29.546476
       0.598580       29.498132
       0.598848       29.458152
       0.599115       29.483816
       0.599383       29.525317
       0.599650       29.382280
       0.599917       29.516407
       0.600185       29.478899
       0.600452       29.516030
       0.600720       29.554224
       0.600987       29.490897
       0.601255       29.548862
       0.601522       29.479276
       0.601790       29.576923
       0.602057       29.571636
       0.602325       29.532407
       0.602592       29.540876
       0.602860       29.534268
       0.603127       29.512889
       0.603394       29.453526
       0.603662       29.515639
       0.603929       29.449387
       0.604197       29.503641
       0.604464       29.525883
       0.604732       29.490637
       0.604999       29.400983
       0.605267       29.425718
       0.605534       29.507380
       0.605802       29.434981
       0.606069       29.469766
       0.606337       29.456994
       0.606604       29.439429
       0.606871       29.524187
       0.607139       29.522603
       0.607406       29.514314
       0.607674       29.492724
       0.607941       29.443237
       0.608209       29.470448
       0.608476       29.524674
       0.608744       29.489286
       0.609011       29.391344
       0.609279       29.513935
       0.609546       29.531058
       0.609814       29.595285
       0.610081       29.500173
       0.610349       29.570944
       0.610616       29.598040
       0.610883       29.599670
       0.611151       29.515691
       0.611418       29.603703
       0.611686       29.560192
       0.611953       29.574865
       0.612221       29.458230
       0.612488       29.567675
       0.612756       29.516704
       0.613023       29.544346
       0.613291       29.596295
       0.613558       29.524662
       0.613826       29.514178
       0.614093       29.577938
       0.614360       29.470000
       0.614628       29.478162
       0.614895       29.546339
       0.615163       29.516554
       0.615430       29.374166
       0.615698       29.446945
       0.615965       29.403899
       0.616233       29.492177
       0.616500       29.556181
       0.616768       29.576645
       0.617035       29.548208
       0.617303       29.565340
       0.617570       29.529871
       0.617837       29.474573
       0.618105       29.381179
       0.618372       29.523548
       0.618640       29.478555
       0.618907       29.468184
       0.619175       29.515003
       0.619442       29.541109
       0.619710       29.517875
       0.619977       29.560868
       0.620245       29.527381
       0.620512       29.585429
       0.620780       29.579976
       0.621047       29.543396
       0.621314       29.597738
       0.621582       29.579524
       0.621849       29.513627
       0.622117       29.551696
       0.622384       29.539302
       0.622652       29.576854
       0.622919       29.640014
       0.623187       29.555436
       0.623454       29.613351
       0.623722       29.548226
       0.623989       29.593588
       0.624257       29.541551
       0.624524       29.593005
       0.624791       29.553043
       0.625059       29.445954
       0.625326       29.548212
       0.625594       29.563966
       0.625861       29.574211
       0.626129       29.560166
       0.626396       29.603043
       0.626664       29.530125
       0.626931       29.580302
       0.627199       29.570010
       0.627466       29.606875
       0.627734       29.591595
       0.628001       29.614517
       0.628268       29.571488
       0.628536       29.508815
       0.628803       29.602055
       0.629071       29.542890
       0.629338       29.644232
       0.629606       29.623033
       0.629873       29.580088
       0.630141       29.591933
       0.630408       29.544882
       0.630676       29.625781
       0.630943       29.563226
       0.631211       29.562017
       0.631478       29.614602
       0.631745       29.481278
       0.632013       29.579466
       0.632280       29.563542
       0.632548       29.618750
       0.632815       29.537564
       0.633083       29.553677
       0.633350       29.586651
       0.633618       29.558310
       0.633885       29.503651
       0.634153       29.599834
       0.634420       29.579032
       0.634688       29.551894
       0.634955       29.519118
       0.635222       29.535640
       0.635490       29.576556
       0.635757       29.603425
       0.636025       29.617784
       0.636292       29.579939
       0.636560       29.612457
       0.636827       29.565666
       0.637095       29.572032
       0.637362       29.555468
       0.637630       29.611497
       0.637897       29.578188
       0.638165       29.601645
       0.638432       29.591848
       0.638699       29.587189
       0.638967       29.564259
       0.639234       29.597316
       0.639502       29.654357
       0.639769       29.618286
       0.640037       29.625122
       0.640304       29.540702
       0.640572       29.567619
       0.640839       29.556486
       0.641107       29.595352
       0.641374       29.658752
       0.641642       29.612984
       0.641909       29.571451
       0.642176       29.627683
       0.642444       29.623129
       0.642711       29.689514
       0.642979       29.527105
       0.643246       29.616324
       0.643514       29.626508
       0.643781       29.612438
       0.644049       29.616764
       0.644316       29.624330
       0.644584       29.581675
       0.644851       29.579849
       0.645119       29.518055
       0.645386       29.581008
       0.645653       29.502963
       0.645921       29.593254
       0.646188       29.608102
       0.646456       29.614775
       0.646723       29.654279
       0.646991       29.610564
       0.647258       29.662454
       0.647526       29.650149
       0.647793       29.597920
       0.648061       29.567533
       0.648328       29.634738
       0.648596       29.529635
       0.648863       29.642618
       0.649130       29.590995
       0.649398       29.629729
       0.649665       29.488656
       0.649933       29.568702
       0.650200       29.572348
       0.650468       29.585011
       0.650735       29.656962
       0.651003       29.610190
       0.651270       29.668677
       0.651538       29.651848
       0.651805       29.631045
       0.652073       29.617526
       0.652340       29.642522
       0.652607       29.669679
       0.652875       29.646878
       0.653142       29.583727
       0.653410       29.573785
       0.653677       29.534552
       0.653945       29.566067
       0.654212       29.520154
       0.654480       29.593093
       0.654747       29.504538
       0.655015       29.541312
       0.655282       29.621112
       0.655550       29.591338
       0.655817       29.598034
       0.656085       29.664131
       0.656352       29.644000
       0.656619       29.609382
       0.656887       29.635597
       0.657154       29.655723
       0.657422       29.673749
       0.657689       29.577149
       0.657957       29.655519
       0.658224       29.688007
       0.658492       29.701236
       0.658759       29.726177
       0.659027       29.649666
       0.659294       29.658372
       0.659562       29.631761
       0.659829       29.553333
       0.660096       29.684396
       0.660364       29.642606
       0.660631       29.639180
       0.660899       29.741672
       0.661166       29.619208
       0.661434       29.618681
       0.661701       29.629534
       0.661969       29.692686
       0.662236       29.676185
       0.662504       29.673104
       0.662771       29.634358
       0.663039       29.678094
       0.663306       29.616771
       0.663573       29.614632
       0.663841       29.647865
       0.664108       29.613426
       0.664376       29.635584
       0.664643       29.554803
       0.664911       29.516768
       0.665178       29.664277
       0.665446       29.580655
       0.665713       29.640394
       0.665981       29.683486
       0.666248       29.601440
       0.666516       29.698746
       0.666783       29.628025
       0.667050       29.680864
       0.667318       29.611740
       0.667585       29.699742
       0.667853       29.745191
       0.668120       29.710950
       0.668388       29.721804
       0.668655       29.665996
       0.668923       29.659453
       0.669190       29.691140
       0.669458       29.635612
       0.669725       29.617708
       0.669993       29.643453
       0.670260       29.711637
       0.670527       29.617721
       0.670795       29.686694
       0.671062       29.571945
       0.671330       29.566051
       0.671597       29.655262
       0.671865       29.714395
       0.672132       29.697991
       0.672400       29.671184
       0.672667       29.626519
       0.672935       29.608496
       0.673202       29.665437
       0.673470       29.586819
       0.673737       29.680226
       0.674004       29.780820
       0.674272       29.804889
       0.674539       29.802528
       0.674807       29.774970
       0.675074       29.790896
       0.675342       29.750908
       0.675609       29.815866
       0.675877       29.794039
       0.676144       29.807331
       0.676412       29.777103
       0.676679       29.785463
       0.676947       29.734939
       0.677214       29.796397
       0.677481       29.785471
       0.677749       29.750696
       0.678016       29.760386
       0.678284       29.764457
       0.678551       29.787450
       0.678819       29.777311
       0.679086       29.692597
       0.679354       29.808064
       0.679621       29.823232
       0.679889       29.773871
       0.680156       29.820356
       0.680424       29.773110
       0.680691       29.766467
       0.680958       29.792080
       0.681226       29.802172
       0.681493       29.791745
       0.681761       29.803962
       0.682028       29.781909
       0.682296       29.749524
       0.682563       29.802778
       0.682831       29.783807
       0.683098       29.830360
       0.683366       29.775248
       0.683633       29.806501
       0.683901       29.747287
       0.684168       29.746220
       0.684435       29.825981
       0.684703       29.798823
       0.684970       29.665788
       0.685238       29.816746
       0.685505       29.796683
       0.685773       29.723773
       0.686040       29.724074
       0.686308       29.710307
       0.686575       29.768160
       0.686843       29.779556
       0.687110       29.738052
       0.687378       29.818403
       0.687645       29.714197
       0.687912       29.804443
       0.688180       29.848022
       0.688447       29.806326
       0.688715       29.751311
       0.688982       29.736167
       0.689250       29.793837
       0.689517       29.765050
       0.689785       29.790307
       0.690052       29.767639
       0.690320       29.793896
       0.690587       29.796884
       0.690855       29.813497
       0.691122       29.828573
       0.691389       29.807806
       0.691657       29.768806
       0.691924       29.808040
       0.692192       29.787485
       0.692459       29.779465
       0.692727       29.828189
       0.692994       29.824116
       0.693262       29.833575
       0.693529       29.857458
       0.693797       29.814616
       0.694064       29.794463
       0.694332       29.767563
       0.694599       29.837733
       0.694866       29.785576
       0.695134       29.783926
       0.695401       29.745916
       0.695669       29.783022
       0.695936       29.739857
       0.696204       29.845625
       0.696471       29.743434
       0.696739       29.797761
       0.697006       29.732970
       0.697274       29.814550
       0.697541       29.813279
       0.697809       29.754045
       0.698076       29.788546
       0.698343       29.831562
       0.698611       29.819400
       0.698878       29.784696
       0.699146       29.795142
       0.699413       29.824582
       0.699681       29.806056
       0.699948       29.816290
       0.700216       29.814880
       0.700483       29.778553
       0.700751       29.830132
       0.701018       29.817116
       0.701286       29.732211
       0.701553       29.816274
       0.701820       29.777912
       0.702088       29.798922
       0.702355       29.715021
       0.702623       29.842798
       0.702890       29.806806
       0.703158       29.722259
       0.703425       29.800966
       0.703693       29.832004
       0.703960       29.786095
       0.704228       29.756630
       0.704495       29.832107
       0.704763       29.803549
       0.705030       29.853208
       0.705298       29.858377
       0.705565       29.863066
       0.705832       29.864358
       0.706100       29.851155
       0.706367       29.805135
       0.706635       29.791948
       0.706902       29.723304
       0.707170       29.864628
       0.707437       29.769847
       0.707705       29.867725
       0.707972       29.832243
       0.708240       29.863939
       0.708507       29.878152
       0.708775       29.831552
       0.709042       29.812861
       0.709309       29.792277
       0.709577       29.824590
       0.709844       29.811526
       0.710112       29.850291
       0.710379       29.843709
       0.710647       29.755568
       0.710914       29.825449
       0.711182       29.824567
       0.711449       29.826661
       0.711717       29.859134
       0.711984       29.829644
       0.712252       29.720263
       0.712519       29.821908
       0.712786       29.840433
       0.713054       29.746916
       0.713321       29.848339
       0.713589       29.747388
       0.713856       29.862938
       0.714124       29.828265
       0.714391       29.859495
       0.714659       29.811402
       0.714926       29.838970
       0.715194       29.800830
       0.715461       29.748103
       0.715729       29.827989
       0.715996       29.824222
       0.716263       29.769559
       0.716531       29.776242
       0.716798       29.785217
       0.717066       29.776977
       0.717333       29.823266
       0.717601       29.804346
       0.717868       29.853005
       0.718136       29.799557
       0.718403       29.713486
       0.718671       29.878453
       0.718938       29.880332
       0.719206       29.894810
       0.719473       29.778267
       0.719740       29.819584
       0.720008       29.844634
       0.720275       29.817185
       0.720543       29.868770
       0.720810       29.887327
       0.721078       29.820016
       0.721345       29.870616
       0.721613       29.847817
       0.721880       29.774909
       0.722148       29.733905
       0.722415       29.815129
       0.722683       29.815980
       0.722950       29.828008
       0.723217       29.801313
       0.723485       29.795274
       0.723752       29.859302
       0.724020       29.826549
       0.724287       29.879053
       0.724555       29.805058
       0.724822       29.807960
       0.725090       29.773918
       0.725138       29.793295
       0.725139       29.793295
