       0.000000       24.769716
       0.000000       24.769716
       0.000001       24.769716
       0.000001       24.769716
       0.000003       24.769716
       0.000006       24.769716
       0.000009       24.769716
       0.000013       24.810526
       0.000019       24.810526
       0.000025       24.810526
       0.000033       24.774243
       0.000045       24.774243
       0.000064       24.782262
       0.000092       24.741127
       0.000139       24.770383
       0.000201       24.783515
       0.000276       24.763014
       0.000334       24.710385
       0.000419       24.774586
       0.000525       24.763097
       0.000642       24.718133
       0.000669       24.731695
       0.000777       24.740230
       0.000915       24.735883
       0.001003       24.711975
       0.001123       24.753228
       0.001269       24.761505
       0.001337       24.792586
       0.001489       24.739166
       0.001632       24.672138
       0.001671       24.730792
       0.001831       24.737892
       0.001986       24.723850
       0.002006       24.788442
       0.002159       24.824492
       0.002325       24.795638
       0.002340       24.795638
       0.002502       24.781430
       0.002674       24.715239
       0.002848       24.762388
       0.003009       24.721629
       0.003214       24.807482
       0.003343       24.815643
       0.003540       24.760473
       0.003677       24.802843
       0.003875       24.840715
       0.004011       24.776039
       0.004219       24.701897
       0.004346       24.789086
       0.004579       24.804791
       0.004680       24.824663
       0.004914       24.809635
       0.005014       24.772686
       0.005222       24.824805
       0.005348       24.821845
       0.005609       24.817518
       0.005683       24.807778
       0.005944       24.758982
       0.006017       24.812303
       0.006282       24.780844
       0.006351       24.766820
       0.006656       24.826489
       0.006686       24.805062
       0.006952       24.786733
       0.007020       24.776479
       0.007337       24.842382
       0.007354       24.786702
       0.007642       24.831473
       0.007688       24.812266
       0.008013       24.822009
       0.008023       24.822009
       0.008352       24.817021
       0.008357       24.827407
       0.008676       24.822377
       0.008691       24.822377
       0.008999       24.861785
       0.009025       24.835046
       0.009360       24.844901
       0.009687       24.888884
       0.009694       24.888884
       0.010028       24.837581
       0.010363       24.896623
       0.010697       24.856553
       0.011031       24.878892
       0.011365       24.949739
       0.011700       24.877125
       0.012034       24.924384
       0.012368       24.907013
       0.012702       24.959081
       0.013037       24.952550
       0.013371       24.930238
       0.013705       24.973081
       0.014039       24.983526
       0.014374       25.008836
       0.014708       25.019219
       0.015042       24.973193
       0.015377       24.999883
       0.015711       25.051611
       0.016045       25.019949
       0.016379       24.974672
       0.016714       25.086088
       0.017048       25.081515
       0.017382       25.168265
       0.017716       25.039853
       0.018051       25.095076
       0.018385       25.057688
       0.018719       25.072278
       0.019054       25.115121
       0.019388       25.189364
       0.019722       25.209697
       0.020056       25.167889
       0.020391       25.129314
       0.020725       25.196359
       0.021059       25.160803
       0.021393       25.183775
       0.021728       25.224339
       0.022062       25.162394
       0.022396       25.255675
       0.022731       25.201459
       0.023065       25.272047
       0.023399       25.198540
       0.023733       25.240878
       0.024068       25.246781
       0.024402       25.207023
       0.024736       25.296112
       0.025070       25.251579
       0.025405       25.330158
       0.025739       25.243959
       0.026073       25.276161
       0.026408       25.263750
       0.026742       25.269425
       0.027076       25.340793
       0.027410       25.319071
       0.027745       25.335359
       0.028079       25.353331
       0.028413       25.385308
       0.028747       25.381716
       0.029082       25.431160
       0.029416       25.380570
       0.029750       25.395750
       0.030085       25.364384
       0.030419       25.355196
       0.030753       25.435889
       0.031087       25.428154
       0.031422       25.379192
       0.031756       25.409872
       0.032090       25.425555
       0.032424       25.455432
       0.032759       25.484226
       0.033093       25.380465
       0.033427       25.519941
       0.033761       25.488552
       0.034096       25.571100
       0.034430       25.516176
       0.034764       25.464842
       0.035099       25.490451
       0.035433       25.497795
       0.035767       25.569086
       0.036101       25.578984
       0.036436       25.546638
       0.036770       25.549960
       0.037104       25.496805
       0.037438       25.576216
       0.037773       25.562083
       0.038107       25.535814
       0.038441       25.515051
       0.038776       25.514160
       0.039110       25.599642
       0.039444       25.574517
       0.039778       25.510817
       0.040113       25.641043
       0.040447       25.644810
       0.040781       25.600922
       0.041115       25.658004
       0.041450       25.687380
       0.041784       25.722001
       0.042118       25.736936
       0.042453       25.673508
       0.042787       25.710177
       0.043121       25.698522
       0.043455       25.647419
       0.043790       25.608174
       0.044124       25.644506
       0.044458       25.724265
       0.044792       25.772160
       0.045127       25.709107
       0.045461       25.705264
       0.045795       25.771201
       0.046129       25.734367
       0.046464       25.786381
       0.046798       25.739293
       0.047132       25.850678
       0.047467       25.768780
       0.047801       25.785831
       0.048135       25.812302
       0.048469       25.792519
       0.048804       25.814566
       0.049138       25.735314
       0.049472       25.838366
       0.049806       25.760675
       0.050141       25.862782
       0.050475       25.804795
       0.050809       25.801261
       0.051144       25.865742
       0.051478       25.838363
       0.051812       25.858500
       0.052146       25.882681
       0.052481       25.869999
       0.052815       25.921251
       0.053149       25.871058
       0.053483       25.898386
       0.053818       25.942305
       0.054152       25.901930
       0.054486       25.937001
       0.054821       25.929372
       0.055155       25.970612
       0.055489       25.941433
       0.055823       25.973511
       0.056158       25.968192
       0.056492       26.009541
       0.056826       25.945141
       0.057160       25.959565
       0.057495       26.028126
       0.057829       26.015668
       0.058163       25.983773
       0.058498       26.011507
       0.058832       25.994877
       0.059166       26.008340
       0.059500       26.013709
       0.059835       25.990685
       0.060169       26.072859
       0.060503       26.070681
       0.060837       26.015303
       0.061172       26.113093
       0.061506       26.108322
       0.061840       26.097888
       0.062174       26.201366
       0.062509       26.049493
       0.062843       26.157944
       0.063177       26.111222
       0.063512       26.126100
       0.063846       26.134212
       0.064180       26.083910
       0.064514       26.090923
       0.064849       26.170488
       0.065183       26.147575
       0.065517       26.164819
       0.065851       26.177558
       0.066186       26.140102
       0.066520       26.128355
       0.066854       26.165149
       0.067189       26.172789
       0.067523       26.177776
       0.067857       26.244025
       0.068191       26.181702
       0.068526       26.189542
       0.068860       26.231532
       0.069194       26.236536
       0.069528       26.174954
       0.069863       26.220267
       0.070197       26.309280
       0.070531       26.255519
       0.070866       26.244777
       0.071200       26.280676
       0.071534       26.256027
       0.071868       26.259086
       0.072203       26.281720
       0.072537       26.275912
       0.072871       26.287548
       0.073205       26.315633
       0.073540       26.252840
       0.073874       26.315019
       0.074208       26.353876
       0.074543       26.353733
       0.074877       26.279748
       0.075211       26.302954
       0.075545       26.306186
       0.075880       26.368979
       0.076214       26.305792
       0.076548       26.304544
       0.076882       26.325760
       0.077217       26.364172
       0.077551       26.391574
       0.077885       26.365020
       0.078219       26.359391
       0.078554       26.381651
       0.078888       26.379303
       0.079222       26.390493
       0.079557       26.382696
       0.079891       26.292575
       0.080225       26.412295
       0.080559       26.343567
       0.080894       26.360429
       0.081228       26.379362
       0.081562       26.434262
       0.081896       26.367517
       0.082231       26.339104
       0.082565       26.397246
       0.082899       26.399326
       0.083234       26.442795
       0.083568       26.399561
       0.083902       26.426454
       0.084236       26.482520
       0.084571       26.388675
       0.084905       26.411961
       0.085239       26.367183
       0.085573       26.409943
       0.085908       26.471036
       0.086242       26.421044
       0.086576       26.536679
       0.086911       26.390460
       0.087245       26.368230
       0.087579       26.388898
       0.087913       26.453407
       0.088248       26.465965
       0.088582       26.420205
       0.088916       26.396737
       0.089250       26.383199
       0.089585       26.421814
       0.089919       26.446840
       0.090253       26.393182
       0.090587       26.423929
       0.090922       26.404547
       0.091256       26.407261
       0.091590       26.434419
       0.091925       26.387363
       0.092259       26.413032
       0.092593       26.441821
       0.092927       26.459110
       0.093262       26.473126
       0.093596       26.418880
       0.093930       26.443064
       0.094264       26.373762
       0.094599       26.420738
       0.094933       26.389706
       0.095267       26.407962
       0.095602       26.425687
       0.095936       26.437425
       0.096270       26.428059
       0.096604       26.469268
       0.096939       26.500260
       0.097273       26.453308
       0.097607       26.478745
       0.097941       26.505779
       0.098276       26.479944
       0.098610       26.506175
       0.098944       26.553199
       0.099279       26.472282
       0.099613       26.452627
       0.099947       26.469563
       0.100281       26.416342
       0.100616       26.493895
       0.100950       26.449330
       0.101284       26.441386
       0.101618       26.462456
       0.101953       26.415044
       0.102287       26.438979
       0.102621       26.478677
       0.102955       26.439612
       0.103290       26.480664
       0.103624       26.438241
       0.103958       26.454610
       0.104293       26.443547
       0.104627       26.465742
       0.104961       26.422195
       0.105295       26.407527
       0.105630       26.402493
       0.105964       26.436453
       0.106298       26.430043
       0.106632       26.402398
       0.106967       26.469249
       0.107301       26.466855
       0.107635       26.449810
       0.107970       26.403755
       0.108304       26.370216
       0.108638       26.381906
       0.108972       26.428557
       0.109307       26.400067
       0.109641       26.419932
       0.109975       26.435516
       0.110309       26.437010
       0.110644       26.388544
       0.110978       26.404757
       0.111312       26.402817
       0.111647       26.403675
       0.111981       26.386246
       0.112315       26.375416
       0.112649       26.408073
       0.112984       26.435058
       0.113318       26.444622
       0.113652       26.462017
       0.113986       26.437101
       0.114321       26.419747
       0.114655       26.404715
       0.114989       26.436165
       0.115324       26.366765
       0.115658       26.413068
       0.115992       26.405419
       0.116326       26.485966
       0.116661       26.423086
       0.116995       26.382118
       0.117329       26.332499
       0.117663       26.394988
       0.117998       26.343760
       0.118332       26.429347
       0.118666       26.369506
       0.119000       26.377318
       0.119335       26.358203
       0.119669       26.334960
       0.120003       26.340001
       0.120338       26.285272
       0.120672       26.293398
       0.121006       26.286175
       0.121340       26.371919
       0.121675       26.328474
       0.122009       26.367806
       0.122343       26.378968
       0.122677       26.352196
       0.123012       26.276529
       0.123346       26.241509
       0.123680       26.301681
       0.124015       26.336589
       0.124349       26.343393
       0.124683       26.383063
       0.125017       26.335673
       0.125352       26.341223
       0.125686       26.225763
       0.126020       26.358638
       0.126354       26.285610
       0.126689       26.338203
       0.127023       26.241234
       0.127357       26.269038
       0.127692       26.302754
       0.128026       26.317890
       0.128360       26.324969
       0.128694       26.336350
       0.129029       26.297984
       0.129363       26.376858
       0.129697       26.300881
       0.130031       26.282792
       0.130366       26.302268
       0.130700       26.240764
       0.131034       26.282841
       0.131368       26.314119
       0.131703       26.328368
       0.132037       26.272694
       0.132371       26.322952
       0.132706       26.302164
       0.133040       26.250591
       0.133374       26.248676
       0.133708       26.397020
       0.134043       26.347090
       0.134377       26.260901
       0.134711       26.307996
       0.135045       26.328046
       0.135380       26.293516
       0.135714       26.344502
       0.136048       26.386464
       0.136383       26.323443
       0.136717       26.291826
       0.137051       26.352080
       0.137385       26.307765
       0.137720       26.310019
       0.138054       26.277516
       0.138388       26.291810
       0.138722       26.269434
       0.139057       26.288500
       0.139391       26.247129
       0.139725       26.297897
       0.140059       26.311738
       0.140394       26.232368
       0.140728       26.317989
       0.141062       26.268905
       0.141397       26.254540
       0.141731       26.201920
       0.142065       26.249758
       0.142399       26.127568
       0.142734       26.259041
       0.143068       26.237895
       0.143402       26.257395
       0.143736       26.276762
       0.144071       26.224274
       0.144405       26.223679
       0.144739       26.225064
       0.145074       26.228091
       0.145408       26.240811
       0.145742       26.298704
       0.146076       26.272716
       0.146411       26.213202
       0.146745       26.240637
       0.147079       26.221139
       0.147413       26.191973
       0.147748       26.205896
       0.148082       26.308210
       0.148416       26.307000
       0.148750       26.245842
       0.149085       26.256788
       0.149419       26.280718
       0.149753       26.219320
       0.150088       26.240656
       0.150422       26.178178
       0.150756       26.220944
       0.151090       26.234442
       0.151425       26.201134
       0.151759       26.184631
       0.152093       26.145814
       0.152427       26.218290
       0.152762       26.178032
       0.153096       26.213069
       0.153430       26.240902
       0.153765       26.184851
       0.154099       26.204133
       0.154433       26.172774
       0.154767       26.239425
       0.155102       26.210268
       0.155436       26.199464
       0.155770       26.166439
       0.156104       26.233238
       0.156439       26.146712
       0.156773       26.174044
       0.157107       26.122325
       0.157442       26.206131
       0.157776       26.211634
       0.158110       26.136329
       0.158444       26.197466
       0.158779       26.172693
       0.159113       26.189768
       0.159447       26.222647
       0.159781       26.214629
       0.160116       26.175823
       0.160450       26.164050
       0.160784       26.193329
       0.161119       26.201413
       0.161453       26.200094
       0.161787       26.281026
       0.162121       26.170590
       0.162456       26.193093
       0.162790       26.169382
       0.163124       26.203189
       0.163458       26.171119
       0.163793       26.221255
       0.164127       26.165251
       0.164461       26.210785
       0.164795       26.166198
       0.165130       26.161056
       0.165464       26.202603
       0.165798       26.164845
       0.166133       26.155132
       0.166467       26.182894
       0.166801       26.131848
       0.167135       26.195470
       0.167470       26.178910
       0.167804       26.166875
       0.168138       26.165466
       0.168472       26.152871
       0.168807       26.225128
       0.169141       26.146739
       0.169475       26.151313
       0.169810       26.152253
       0.170144       26.183223
       0.170478       26.163247
       0.170812       26.130504
       0.171147       26.152949
       0.171481       26.127440
       0.171815       26.137888
       0.172149       26.184108
       0.172484       26.102044
       0.172818       26.103938
       0.173152       26.051262
       0.173487       26.144531
       0.173821       26.113522
       0.174155       26.145121
       0.174489       26.070193
       0.174824       26.129066
       0.175158       26.133328
       0.175492       26.127155
       0.175826       26.150634
       0.176161       26.107686
       0.176495       26.129867
       0.176829       26.053930
       0.177163       26.089729
       0.177498       26.067259
       0.177832       26.210429
       0.178166       26.119335
       0.178501       26.133396
       0.178835       26.160258
       0.179169       26.124161
       0.179503       26.141319
       0.179838       26.131467
       0.180172       26.112489
       0.180506       26.099269
       0.180840       26.129566
       0.181175       26.120469
       0.181509       26.134865
       0.181843       26.087290
       0.182178       26.166452
       0.182512       26.159433
       0.182846       26.164883
       0.183180       26.150901
       0.183515       26.126895
       0.183849       26.134828
       0.184183       26.108332
       0.184517       26.112284
       0.184852       26.083666
       0.185186       26.083419
       0.185520       26.066406
       0.185855       26.120665
       0.186189       26.077278
       0.186523       26.035510
       0.186857       26.089339
       0.187192       26.102744
       0.187526       26.086050
       0.187860       26.109584
       0.188194       26.144667
       0.188529       26.022158
       0.188863       26.063554
       0.189197       26.117101
       0.189531       26.108356
       0.189866       26.082513
       0.190200       26.077936
       0.190534       26.083852
       0.190869       26.047345
       0.191203       26.065667
       0.191537       26.062560
       0.191871       26.061344
       0.192206       26.020511
       0.192540       26.107429
       0.192874       26.074205
       0.193208       26.014825
       0.193543       26.065376
       0.193877       26.087241
       0.194211       26.009808
       0.194546       26.050464
       0.194880       26.045576
       0.195214       26.081873
       0.195548       26.101251
       0.195883       26.073148
       0.196217       25.970882
       0.196551       25.982679
       0.196885       26.068891
       0.197220       26.042439
       0.197554       26.102172
       0.197888       25.998223
       0.198223       26.029043
       0.198557       26.041303
       0.198891       26.025344
       0.199225       26.011518
       0.199560       26.070866
       0.199894       26.038418
       0.200228       26.055237
       0.200562       26.025686
       0.200897       26.049636
       0.201231       26.037868
       0.201565       26.010415
       0.201900       26.079989
       0.202234       26.017874
       0.202568       26.019044
       0.202902       26.014984
       0.203237       26.033277
       0.203571       25.983230
       0.203905       25.976555
       0.204239       26.020753
       0.204574       25.985062
       0.204908       26.021819
       0.205242       26.076665
       0.205576       25.964262
       0.205911       26.023596
       0.206245       25.994206
       0.206579       25.977273
       0.206914       26.043820
       0.207248       26.061727
       0.207582       26.047855
       0.207916       26.038416
       0.208251       26.056884
       0.208585       26.040916
       0.208919       26.051072
       0.209253       26.010064
       0.209588       25.987997
       0.209922       25.940481
       0.210256       26.050736
       0.210591       25.980586
       0.210925       26.059333
       0.211259       25.976398
       0.211593       25.963272
       0.211928       25.976846
       0.212262       26.040457
       0.212596       25.924375
       0.212930       25.983640
       0.213265       25.989642
       0.213599       26.070768
       0.213933       26.029718
       0.214268       26.009983
       0.214602       25.897009
       0.214936       25.973966
       0.215270       26.004103
       0.215605       26.006166
       0.215939       26.015275
       0.216273       26.027632
       0.216607       25.964666
       0.216942       26.013305
       0.217276       25.985723
       0.217610       26.041303
       0.217944       26.001404
       0.218279       25.961328
       0.218613       25.947130
       0.218947       25.954795
       0.219282       25.986535
       0.219616       25.937277
       0.219950       25.958070
       0.220284       25.964316
       0.220619       25.939064
       0.220953       25.941697
       0.221287       25.949534
       0.221621       25.921318
       0.221956       26.002693
       0.222290       25.997038
       0.222624       26.014220
       0.222959       26.033473
       0.223293       25.950010
       0.223627       25.982027
       0.223961       25.986200
       0.224296       25.950053
       0.224630       25.945807
       0.224964       25.948965
       0.225298       25.946025
       0.225633       26.005336
       0.225967       25.903652
       0.226301       25.946123
       0.226635       25.934542
       0.226970       25.927389
       0.227304       25.989381
       0.227638       26.046340
       0.227973       25.951125
       0.228307       25.987617
       0.228641       25.944865
       0.228975       25.933265
       0.229310       25.921612
       0.229644       25.917105
       0.229978       26.001501
       0.230312       25.927565
       0.230647       25.998879
       0.230981       25.965449
       0.231315       26.000467
       0.231650       25.997870
       0.231984       25.979164
       0.232318       26.040068
       0.232652       25.979774
       0.232987       26.012574
       0.233321       26.007185
       0.233655       26.029471
       0.233989       25.969901
       0.234324       25.942579
       0.234658       26.007803
       0.234992       25.949066
       0.235327       25.960752
       0.235661       25.987529
       0.235995       25.843837
       0.236329       25.904753
       0.236664       25.976844
       0.236998       25.932810
       0.237332       26.001018
       0.237666       25.986148
       0.238001       26.037597
       0.238335       26.012049
       0.238669       26.012698
       0.239004       25.954799
       0.239338       25.978623
       0.239672       25.994664
       0.240006       25.984246
       0.240341       25.974037
       0.240675       25.911592
       0.241009       26.012847
       0.241343       25.990771
       0.241678       25.988676
       0.242012       25.979154
       0.242346       25.985629
       0.242680       26.011687
       0.243015       25.956387
       0.243349       26.014549
       0.243683       26.004183
       0.244018       25.990943
       0.244352       25.930149
       0.244686       25.871279
       0.245020       26.004446
       0.245355       26.024621
       0.245689       25.983890
       0.246023       25.982230
       0.246357       25.993765
       0.246692       25.992584
       0.247026       25.960145
       0.247360       26.005575
       0.247695       26.008982
       0.248029       26.028227
       0.248363       26.006808
       0.248697       25.986205
       0.249032       25.998637
       0.249366       26.012337
       0.249700       26.043262
       0.250034       26.019964
       0.250369       25.937072
       0.250703       26.006863
       0.251037       25.993471
       0.251372       26.011924
       0.251706       26.074018
       0.252040       25.949179
       0.252374       26.017344
       0.252709       25.980755
       0.253043       25.987711
       0.253377       25.982783
       0.253711       25.949302
       0.254046       25.950507
       0.254380       26.079673
       0.254714       26.048307
       0.255048       26.003435
       0.255383       25.937558
       0.255717       25.946687
       0.256051       25.991151
       0.256386       26.028919
       0.256720       25.984974
       0.257054       25.987873
       0.257388       25.984171
       0.257723       25.986652
       0.258057       25.963252
       0.258391       25.999243
       0.258725       25.960784
       0.259060       26.000192
       0.259394       26.036806
       0.259728       25.977598
       0.260063       25.968826
       0.260397       26.035735
       0.260731       26.055626
       0.261065       25.988214
       0.261400       25.955330
       0.261734       25.946508
       0.262068       25.912957
       0.262402       26.021950
       0.262737       25.982048
       0.263071       25.986404
       0.263405       26.022027
       0.263740       25.987976
       0.264074       25.948203
       0.264408       25.996177
       0.264742       26.043499
       0.265077       25.982328
       0.265411       26.000613
       0.265745       25.994553
       0.266079       25.988915
       0.266414       25.978562
       0.266748       25.972160
       0.267082       25.991448
       0.267417       25.973050
       0.267751       26.029415
       0.268085       25.972618
       0.268419       25.975680
       0.268754       25.961784
       0.269088       25.981449
       0.269422       25.990305
       0.269756       26.008328
       0.270091       26.013917
       0.270425       26.010541
       0.270759       25.957031
       0.271093       25.989582
       0.271428       26.021093
       0.271762       25.956586
       0.272096       26.047175
       0.272431       26.065613
       0.272765       26.075929
       0.273099       26.006051
       0.273433       26.016584
       0.273768       26.030976
       0.274102       26.012707
       0.274436       26.016021
       0.274770       25.985626
       0.275105       25.949386
       0.275439       25.929675
       0.275773       25.985179
       0.276108       26.026597
       0.276442       25.994688
       0.276776       26.007194
       0.277110       25.954711
       0.277445       25.937735
       0.277779       25.972571
       0.278113       26.003573
       0.278447       25.975430
       0.278782       25.970915
       0.279116       25.905221
       0.279450       25.993437
       0.279785       26.000788
       0.280119       25.962788
       0.280453       26.025916
       0.280787       26.036475
       0.281122       25.994002
       0.281456       25.975682
       0.281790       25.973978
       0.282124       25.961863
       0.282459       25.978905
       0.282793       25.955253
       0.283127       26.003159
       0.283461       26.049431
       0.283796       25.966617
       0.284130       26.005888
       0.284464       25.950060
       0.284799       25.984365
       0.285133       26.002452
       0.285467       26.013125
       0.285801       25.969647
       0.286136       25.994345
       0.286470       25.964768
       0.286804       26.002512
       0.287138       26.024418
       0.287473       25.980178
       0.287807       26.026706
       0.288141       25.981921
       0.288476       25.978076
       0.288810       25.975770
       0.289144       26.002551
       0.289478       25.927579
       0.289813       25.973741
       0.290147       26.055647
       0.290481       26.039195
       0.290815       26.068401
       0.291150       26.028551
       0.291484       25.976461
       0.291818       25.997296
       0.292153       25.948245
       0.292487       26.007653
       0.292821       26.068136
       0.293155       26.051177
       0.293490       25.996436
       0.293824       25.972611
       0.294158       25.994360
       0.294492       25.986642
       0.294827       26.029687
       0.295161       26.038550
       0.295495       25.994299
       0.295829       26.020676
       0.296164       26.017477
       0.296498       26.000433
       0.296832       25.984104
       0.297167       26.027217
       0.297501       26.022390
       0.297835       26.020653
       0.298169       26.036574
       0.298504       26.035901
       0.298838       26.033041
       0.299172       26.041865
       0.299506       25.946930
       0.299841       25.968860
       0.300175       25.982696
       0.300509       25.964540
       0.300844       25.945025
       0.301178       26.020205
       0.301512       25.976838
       0.301846       25.941911
       0.302181       26.010655
       0.302515       25.953467
       0.302849       25.959801
       0.303183       26.019907
       0.303518       25.995974
       0.303852       25.961190
       0.304186       25.935789
       0.304521       26.003371
       0.304855       26.006297
       0.305189       26.000932
       0.305523       26.040577
       0.305858       26.044284
       0.306192       25.992012
       0.306526       26.010136
       0.306860       25.990026
       0.307195       25.974771
       0.307529       25.976503
       0.307863       25.989536
       0.308197       26.009329
       0.308532       25.994647
       0.308866       26.013561
       0.309200       25.993446
       0.309535       26.046673
       0.309869       26.034959
       0.310203       25.985749
       0.310537       26.035370
       0.310872       26.078647
       0.311206       25.971721
       0.311540       26.052822
       0.311874       26.067111
       0.312209       26.146066
       0.312543       26.047551
       0.312877       26.032609
       0.313212       26.062494
       0.313546       26.082585
       0.313880       25.983938
       0.314214       26.062657
       0.314549       26.058684
       0.314883       26.001620
       0.315217       26.006472
       0.315551       26.018743
       0.315886       25.967447
       0.316220       25.994756
       0.316554       25.987296
       0.316889       26.088573
       0.317223       26.019851
       0.317557       26.002405
       0.317891       25.992364
       0.318226       26.001703
       0.318560       26.052030
       0.318894       26.076892
       0.319228       26.040458
       0.319563       25.975425
       0.319897       26.002631
       0.320231       26.018344
       0.320565       26.008590
       0.320900       25.956075
       0.321234       26.073396
       0.321568       26.043733
       0.321903       26.092822
       0.322237       26.062075
       0.322571       26.113368
       0.322905       26.010668
       0.323240       26.003155
       0.323574       25.975294
       0.323908       26.027794
       0.324242       26.046070
       0.324577       25.996946
       0.324911       26.053384
       0.325245       26.012907
       0.325580       26.053771
       0.325914       26.026750
       0.326248       25.998864
       0.326582       26.039560
       0.326917       26.016420
       0.327251       26.023317
       0.327585       26.013517
       0.327919       26.074596
       0.328254       26.019731
       0.328588       26.042822
       0.328922       26.005808
       0.329257       25.970754
       0.329591       26.037044
       0.329925       26.018905
       0.330259       26.017322
       0.330594       26.051112
       0.330928       26.048185
       0.331262       26.080108
       0.331596       26.012669
       0.331931       26.041039
       0.332265       25.978734
       0.332599       25.999927
       0.332933       26.040039
       0.333268       25.956559
       0.333602       26.003117
       0.333936       26.044036
       0.334271       25.992210
       0.334605       25.991129
       0.334939       26.039014
       0.335273       26.007778
       0.335608       26.040276
       0.335942       26.006900
       0.336276       26.079335
       0.336610       26.078080
       0.336945       25.999714
       0.337279       26.110412
       0.337613       26.024440
       0.337948       25.982341
       0.338282       26.002732
       0.338616       25.938845
       0.338950       26.030076
       0.339285       26.007440
       0.339619       25.987203
       0.339953       26.018296
       0.340287       26.043524
       0.340622       26.003512
       0.340956       25.974261
       0.341290       26.014906
       0.341625       26.027216
       0.341959       25.998771
       0.342293       25.989652
       0.342627       26.058397
       0.342962       25.975999
       0.343296       26.024471
       0.343630       25.985578
       0.343964       25.992507
       0.344299       25.972970
       0.344633       26.012668
       0.344967       26.001405
       0.345301       25.994051
       0.345636       26.035397
       0.345970       25.994580
       0.346304       26.010065
       0.346639       25.993584
       0.346973       26.025098
       0.347307       25.976861
       0.347641       26.019654
       0.347976       26.065959
       0.348310       26.133847
       0.348644       26.091785
       0.348978       26.031885
       0.349313       26.107361
       0.349647       26.034007
       0.349981       26.030478
       0.350316       26.057375
       0.350650       25.991509
       0.350984       26.071281
       0.351318       26.004262
       0.351653       26.055764
       0.351987       26.052053
       0.352321       26.023542
       0.352655       26.042671
       0.352990       26.038820
       0.353324       26.090828
       0.353658       26.073151
       0.353993       26.102811
       0.354327       26.097044
       0.354661       26.023523
       0.354995       26.070078
       0.355330       26.096726
       0.355664       26.179267
       0.355998       26.112752
       0.356332       26.070712
       0.356667       26.079994
       0.357001       26.049191
       0.357335       26.102391
       0.357669       26.048386
       0.358004       26.095717
       0.358338       26.070798
       0.358672       26.098173
       0.359007       26.040193
       0.359341       26.085980
       0.359675       26.117617
       0.360009       26.038312
       0.360344       26.041575
       0.360678       26.042804
       0.361012       26.017474
       0.361346       26.084234
       0.361681       26.017301
       0.362015       26.013571
       0.362349       26.034261
       0.362684       26.043878
       0.363018       26.014207
       0.363352       25.973897
       0.363686       26.024018
       0.364021       26.058315
       0.364355       26.033124
       0.364689       25.972088
       0.365023       26.015665
       0.365358       26.044583
       0.365692       25.986989
       0.366026       26.047995
       0.366361       26.082607
       0.366695       26.080976
       0.367029       26.030836
       0.367363       26.075963
       0.367698       26.129958
       0.368032       26.082808
       0.368366       26.017057
       0.368700       26.049783
       0.369035       26.010133
       0.369369       25.980441
       0.369703       25.965939
       0.370037       26.031263
       0.370372       26.010900
       0.370706       26.082146
       0.371040       26.044957
       0.371375       26.040651
       0.371709       26.103135
       0.372043       26.061841
       0.372377       26.013871
       0.372712       26.082424
       0.373046       25.991451
       0.373380       26.031211
       0.373714       26.065939
       0.374049       26.055353
       0.374383       26.053861
       0.374717       25.996904
       0.375052       26.080801
       0.375386       26.030136
       0.375720       26.040748
       0.376054       26.033762
       0.376389       26.067579
       0.376723       26.030780
       0.377057       26.057640
       0.377391       26.092439
       0.377726       26.068879
       0.378060       26.028056
       0.378394       26.091106
       0.378729       26.100079
       0.379063       26.106939
       0.379397       26.109820
       0.379731       26.044593
       0.380066       26.074243
       0.380400       26.048111
       0.380734       26.081076
       0.381068       26.112207
       0.381403       25.974638
       0.381737       26.111018
       0.382071       26.076137
       0.382406       26.047724
       0.382740       26.138888
       0.383074       26.039830
       0.383408       26.089126
       0.383743       26.075924
       0.384077       26.038885
       0.384411       26.074133
       0.384745       26.110534
       0.385080       26.055384
       0.385414       26.087436
       0.385748       26.040094
       0.386082       26.077754
       0.386417       26.066382
       0.386751       26.093861
       0.387085       26.092889
       0.387420       26.163179
       0.387754       26.074620
       0.388088       26.066864
       0.388422       26.091242
       0.388757       26.103520
       0.389091       26.099433
       0.389425       26.038073
       0.389759       26.148839
       0.390094       26.116441
       0.390428       26.078339
       0.390762       26.111370
       0.391097       26.124874
       0.391431       26.137536
       0.391765       26.195105
       0.392099       26.182153
       0.392434       26.189929
       0.392768       26.163253
       0.393102       26.148607
       0.393436       26.197853
       0.393771       26.128521
       0.394105       26.154860
       0.394439       26.079229
       0.394774       26.118758
       0.395108       26.169597
       0.395442       26.171948
       0.395776       26.112780
       0.396111       26.140512
       0.396445       26.143386
       0.396779       26.108811
       0.397113       26.119643
       0.397448       26.124067
       0.397782       26.163329
       0.398116       26.135373
       0.398450       26.149587
       0.398785       26.189864
       0.399119       26.168315
       0.399453       26.095010
       0.399788       26.099389
       0.400122       26.103673
       0.400456       26.126675
       0.400790       26.200422
       0.401125       26.186160
       0.401459       26.044770
       0.401793       26.099371
       0.402127       26.120616
       0.402462       26.067275
       0.402796       26.140827
       0.403130       26.132422
       0.403465       26.113212
       0.403799       26.072241
       0.404133       26.100173
       0.404467       26.173947
       0.404802       26.231408
       0.405136       26.118995
       0.405470       26.209296
       0.405804       26.125489
       0.406139       26.151780
       0.406473       26.160756
       0.406807       26.204583
       0.407142       26.114897
       0.407476       26.150696
       0.407810       26.092883
       0.408144       26.195411
       0.408479       26.219645
       0.408813       26.202828
       0.409147       26.221320
       0.409481       26.136893
       0.409816       26.187198
       0.410150       26.174675
       0.410484       26.134627
       0.410818       26.105389
       0.411153       26.180979
       0.411487       26.200172
       0.411821       26.152253
       0.412156       26.130924
       0.412490       26.193490
       0.412824       26.146991
       0.413158       26.205636
       0.413493       26.140869
       0.413827       26.154481
       0.414161       26.186888
       0.414495       26.158863
       0.414830       26.203199
       0.415164       26.205873
       0.415498       26.232787
       0.415833       26.160292
       0.416167       26.225202
       0.416501       26.190361
       0.416835       26.158193
       0.417170       26.151723
       0.417504       26.222521
       0.417838       26.196065
       0.418172       26.202378
       0.418507       26.206716
       0.418841       26.024263
       0.419175       26.188009
       0.419510       26.215319
       0.419844       26.232609
       0.420178       26.242489
       0.420512       26.177199
       0.420847       26.220709
       0.421181       26.228722
       0.421515       26.212454
       0.421849       26.226819
       0.422184       26.215139
       0.422518       26.172568
       0.422852       26.204033
       0.423186       26.158535
       0.423521       26.200871
       0.423855       26.135494
       0.424189       26.221758
       0.424524       26.225917
       0.424858       26.228837
       0.425192       26.160856
       0.425526       26.204927
       0.425861       26.205786
       0.426195       26.217724
       0.426529       26.186160
       0.426863       26.154490
       0.427198       26.203995
       0.427532       26.190128
       0.427866       26.217055
       0.428201       26.231563
       0.428535       26.196002
       0.428869       26.274765
       0.429203       26.261359
       0.429538       26.278917
       0.429872       26.223563
       0.430206       26.216623
       0.430540       26.267789
       0.430875       26.196693
       0.431209       26.246331
       0.431543       26.213562
       0.431878       26.224760
       0.432212       26.211226
       0.432546       26.294270
       0.432880       26.232072
       0.433215       26.195062
       0.433549       26.222753
       0.433883       26.230862
       0.434217       26.225689
       0.434552       26.243691
       0.434886       26.199876
       0.435220       26.234549
       0.435554       26.265177
       0.435889       26.275852
       0.436223       26.183889
       0.436557       26.206644
       0.436892       26.255726
       0.437226       26.233382
       0.437560       26.170375
       0.437894       26.203419
       0.438229       26.219431
       0.438563       26.201111
       0.438897       26.218281
       0.439231       26.274731
       0.439566       26.239080
       0.439900       26.323102
       0.440234       26.274910
       0.440569       26.231803
       0.440903       26.222073
       0.441237       26.244146
       0.441571       26.281369
       0.441906       26.233903
       0.442240       26.212339
       0.442574       26.232677
       0.442908       26.237220
       0.443243       26.277458
       0.443577       26.282708
       0.443911       26.255168
       0.444246       26.180115
       0.444580       26.241069
       0.444914       26.306993
       0.445248       26.258927
       0.445583       26.299799
       0.445917       26.120487
       0.446251       26.231733
       0.446585       26.240675
       0.446920       26.262547
       0.447254       26.249078
       0.447588       26.277388
       0.447922       26.235719
       0.448257       26.264195
       0.448591       26.321970
       0.448925       26.281383
       0.449260       26.285957
       0.449594       26.251569
       0.449928       26.301110
       0.450262       26.222690
       0.450597       26.180254
       0.450931       26.178430
       0.451265       26.162272
       0.451599       26.190626
       0.451934       26.312185
       0.452268       26.288371
       0.452602       26.297101
       0.452937       26.203763
       0.453271       26.272146
       0.453605       26.304499
       0.453939       26.222753
       0.454274       26.246268
       0.454608       26.294174
       0.454942       26.247533
       0.455276       26.290976
       0.455611       26.249533
       0.455945       26.225857
       0.456279       26.218465
       0.456614       26.316812
       0.456948       26.299418
       0.457282       26.316126
       0.457616       26.292776
       0.457951       26.292682
       0.458285       26.298549
       0.458619       26.274534
       0.458953       26.298417
       0.459288       26.303869
       0.459622       26.290715
       0.459956       26.213298
       0.460291       26.274220
       0.460625       26.236917
       0.460959       26.227805
       0.461293       26.338643
       0.461628       26.244249
       0.461962       26.314698
       0.462296       26.274787
       0.462630       26.293928
       0.462965       26.312757
       0.463299       26.316887
       0.463633       26.335860
       0.463967       26.236703
       0.464302       26.244500
       0.464636       26.288964
       0.464970       26.356226
       0.465305       26.305302
       0.465639       26.377184
       0.465973       26.338846
       0.466307       26.209295
       0.466642       26.225651
       0.466976       26.335654
       0.467310       26.265100
       0.467644       26.311383
       0.467979       26.254469
       0.468313       26.295924
       0.468647       26.275640
       0.468982       26.315883
       0.469316       26.295910
       0.469650       26.322795
       0.469984       26.340892
       0.470319       26.335602
       0.470653       26.276014
       0.470987       26.372851
       0.471321       26.204983
       0.471656       26.273206
       0.471990       26.310837
       0.472324       26.291673
       0.472659       26.301468
       0.472993       26.375998
       0.473327       26.279834
       0.473661       26.293982
       0.473996       26.246733
       0.474330       26.316972
       0.474664       26.373159
       0.474998       26.326294
       0.475333       26.329404
       0.475667       26.370671
       0.476001       26.303794
       0.476335       26.325353
       0.476670       26.307594
       0.477004       26.398983
       0.477338       26.382696
       0.477673       26.298254
       0.478007       26.374743
       0.478341       26.341659
       0.478675       26.330748
       0.479010       26.334612
       0.479344       26.324476
       0.479678       26.354667
       0.480012       26.384463
       0.480347       26.315080
       0.480681       26.286855
       0.481015       26.331122
       0.481350       26.296578
       0.481684       26.305768
       0.482018       26.329901
       0.482352       26.307749
       0.482687       26.285362
       0.483021       26.301414
       0.483355       26.223029
       0.483689       26.319224
       0.484024       26.273906
       0.484358       26.278504
       0.484692       26.281410
       0.485027       26.280316
       0.485361       26.279003
       0.485695       26.245547
       0.486029       26.300732
       0.486364       26.271838
       0.486698       26.326189
       0.487032       26.260388
       0.487366       26.324232
       0.487701       26.371339
       0.488035       26.218921
       0.488369       26.287866
       0.488703       26.301637
       0.489038       26.247878
       0.489372       26.243191
       0.489706       26.310749
       0.490041       26.303127
       0.490375       26.292087
       0.490709       26.241621
       0.491043       26.268559
       0.491378       26.254183
       0.491712       26.273806
       0.492046       26.296348
       0.492380       26.249201
       0.492715       26.329590
       0.493049       26.311077
       0.493383       26.303524
       0.493718       26.285592
       0.494052       26.348542
       0.494386       26.252232
       0.494720       26.261978
       0.495055       26.322558
       0.495389       26.315134
       0.495723       26.352644
       0.496057       26.282629
       0.496392       26.296844
       0.496726       26.324943
       0.497060       26.227250
       0.497395       26.309486
       0.497729       26.375818
       0.498063       26.369061
       0.498397       26.378113
       0.498732       26.362813
       0.499066       26.310841
       0.499400       26.323269
       0.499734       26.342039
       0.500069       26.278160
       0.500403       26.266180
       0.500737       26.299771
       0.501072       26.322740
       0.501406       26.267554
       0.501740       26.265082
       0.502074       26.280497
       0.502409       26.336489
       0.502743       26.321410
       0.503077       26.324930
       0.503411       26.300759
       0.503746       26.336272
       0.504080       26.307671
       0.504414       26.376395
       0.504748       26.328830
       0.505083       26.306648
       0.505417       26.256647
       0.505751       26.276108
       0.506086       26.300630
       0.506420       26.323603
       0.506754       26.269344
       0.507088       26.308277
       0.507423       26.308486
       0.507757       26.286873
       0.508091       26.305274
       0.508425       26.303066
       0.508760       26.345552
       0.509094       26.287971
       0.509428       26.307472
       0.509763       26.358063
       0.510097       26.314006
       0.510431       26.312598
       0.510765       26.258214
       0.511100       26.253125
       0.511434       26.336081
       0.511768       26.268093
       0.512102       26.265549
       0.512437       26.292147
       0.512771       26.280277
       0.513105       26.312524
       0.513439       26.320498
       0.513774       26.261594
       0.514108       26.253463
       0.514442       26.311506
       0.514777       26.345848
       0.515111       26.288334
       0.515445       26.332532
       0.515779       26.294955
       0.516114       26.323227
       0.516448       26.294286
       0.516782       26.364565
       0.517116       26.337316
       0.517451       26.340664
       0.517785       26.284464
       0.518119       26.314514
       0.518454       26.338668
       0.518788       26.277029
       0.519122       26.319608
       0.519456       26.256022
       0.519791       26.337460
       0.520125       26.297978
       0.520459       26.292130
       0.520793       26.320360
       0.521128       26.258607
       0.521462       26.314513
       0.521796       26.318584
       0.522131       26.331281
       0.522465       26.304312
       0.522799       26.334727
       0.523133       26.269879
       0.523468       26.311965
       0.523802       26.181077
       0.524136       26.271667
       0.524470       26.281471
       0.524805       26.306025
       0.525139       26.299986
       0.525473       26.311489
       0.525807       26.358556
       0.526142       26.318846
       0.526476       26.361242
       0.526810       26.273026
       0.527145       26.321585
       0.527479       26.335348
       0.527813       26.301397
       0.528147       26.330146
       0.528482       26.304990
       0.528816       26.297296
       0.529150       26.288782
       0.529484       26.252702
       0.529819       26.225110
       0.530153       26.268184
       0.530487       26.299411
       0.530822       26.318518
       0.531156       26.278001
       0.531490       26.263166
       0.531824       26.334953
       0.532159       26.218307
       0.532493       26.274173
       0.532827       26.292716
       0.533161       26.289379
       0.533496       26.258127
       0.533830       26.286774
       0.534164       26.267969
       0.534499       26.282041
       0.534833       26.316488
       0.535167       26.372932
       0.535501       26.266528
       0.535836       26.312195
       0.536170       26.299282
       0.536504       26.319535
       0.536838       26.358586
       0.537173       26.360027
       0.537507       26.308125
       0.537841       26.391402
       0.538176       26.242826
       0.538510       26.293758
       0.538844       26.244785
       0.539178       26.263447
       0.539513       26.285604
       0.539847       26.331300
       0.540181       26.390990
       0.540515       26.322218
       0.540850       26.347238
       0.541184       26.327035
       0.541518       26.251479
       0.541852       26.279851
       0.542187       26.320543
       0.542521       26.289104
       0.542855       26.343826
       0.543190       26.304906
       0.543524       26.418458
       0.543858       26.324815
       0.544192       26.363000
       0.544527       26.339485
       0.544861       26.303303
       0.545195       26.375242
       0.545529       26.339937
       0.545864       26.329239
       0.546198       26.382283
       0.546532       26.328100
       0.546867       26.367081
       0.547201       26.330403
       0.547535       26.323342
       0.547869       26.318951
       0.548204       26.328988
       0.548538       26.329795
       0.548872       26.324304
       0.549206       26.309506
       0.549541       26.324405
       0.549875       26.296769
       0.550209       26.277363
       0.550544       26.255726
       0.550878       26.261132
       0.551212       26.289450
       0.551546       26.289107
       0.551881       26.321095
       0.552215       26.256044
       0.552549       26.337947
       0.552883       26.234386
       0.553218       26.235007
       0.553552       26.231922
       0.553886       26.298052
       0.554221       26.266814
       0.554555       26.244827
       0.554889       26.287014
       0.555223       26.305218
       0.555558       26.326070
       0.555892       26.303328
       0.556226       26.293302
       0.556560       26.357249
       0.556895       26.299901
       0.557229       26.299381
       0.557563       26.331219
       0.557897       26.296790
       0.558232       26.295578
       0.558566       26.265507
       0.558900       26.291154
       0.559235       26.101141
       0.559569       26.294516
       0.559903       26.308124
       0.560237       26.326556
       0.560572       26.274486
       0.560906       26.240902
       0.561240       26.269674
       0.561574       26.301655
       0.561909       26.324757
       0.562243       26.307633
       0.562577       26.271657
       0.562912       26.340926
       0.563246       26.331679
       0.563580       26.334719
       0.563914       26.313775
       0.564249       26.288136
       0.564583       26.291325
       0.564917       26.296977
       0.565251       26.310895
       0.565586       26.273637
       0.565920       26.282042
       0.566254       26.279300
       0.566589       26.300646
       0.566923       26.314146
       0.567257       26.338985
       0.567591       26.368989
       0.567926       26.290557
       0.568260       26.302900
       0.568594       26.230293
       0.568928       26.276900
       0.569263       26.247098
       0.569597       26.277727
       0.569931       26.301571
       0.570266       26.321376
       0.570600       26.337873
       0.570934       26.344753
       0.571268       26.298391
       0.571603       26.259351
       0.571937       26.325463
       0.572271       26.297563
       0.572605       26.319834
       0.572940       26.357378
       0.573274       26.312609
       0.573608       26.285335
       0.573942       26.297759
       0.574277       26.334868
       0.574611       26.302389
       0.574945       26.338992
       0.575280       26.415822
       0.575614       26.286885
       0.575948       26.336789
       0.576282       26.292247
       0.576617       26.352097
       0.576951       26.320210
       0.577285       26.344394
       0.577619       26.353863
       0.577954       26.296789
       0.578288       26.307136
       0.578622       26.367465
       0.578957       26.352624
       0.579291       26.298239
       0.579625       26.395440
       0.579959       26.438155
       0.580294       26.358673
       0.580628       26.347385
       0.580962       26.330183
       0.581296       26.328027
       0.581631       26.282659
       0.581965       26.323944
       0.582299       26.319739
       0.582633       26.359601
       0.582968       26.266301
       0.583302       26.264079
       0.583636       26.328635
       0.583971       26.369186
       0.584305       26.335912
       0.584639       26.358851
       0.584973       26.339297
       0.585308       26.285456
       0.585642       26.313072
       0.585976       26.320755
       0.586310       26.312675
       0.586645       26.328723
       0.586979       26.306890
       0.587313       26.350001
       0.587648       26.350439
       0.587982       26.302852
       0.588316       26.303807
       0.588650       26.384377
       0.588985       26.359252
       0.589319       26.291782
       0.589653       26.368020
       0.589987       26.321734
       0.590322       26.332651
       0.590656       26.422709
       0.590990       26.369286
       0.591325       26.318049
       0.591659       26.306178
       0.591993       26.327376
       0.592327       26.252242
       0.592662       26.297419
       0.592996       26.293263
       0.593330       26.334335
       0.593664       26.304351
       0.593999       26.304018
       0.594333       26.220069
       0.594667       26.341373
       0.595001       26.309024
       0.595336       26.299150
       0.595670       26.320311
       0.596004       26.346958
       0.596339       26.334594
       0.596673       26.315132
       0.597007       26.312718
       0.597341       26.220905
       0.597676       26.369295
       0.598010       26.300694
       0.598344       26.252171
       0.598678       26.292751
       0.599013       26.287190
       0.599347       26.341519
       0.599681       26.330376
       0.600016       26.332692
       0.600350       26.344359
       0.600684       26.327991
       0.601018       26.345075
       0.601353       26.346250
       0.601687       26.357600
       0.602021       26.406727
       0.602355       26.372990
       0.602690       26.380698
       0.603024       26.310703
       0.603358       26.307591
       0.603693       26.321686
       0.604027       26.324241
       0.604361       26.368820
       0.604695       26.348153
       0.605030       26.398909
       0.605364       26.330720
       0.605698       26.419230
       0.606032       26.379125
       0.606367       26.346662
       0.606701       26.345133
       0.607035       26.334320
       0.607370       26.342289
       0.607704       26.315842
       0.608038       26.313131
       0.608372       26.333999
       0.608707       26.281124
       0.609041       26.227784
       0.609375       26.261661
       0.609709       26.301255
       0.610044       26.287331
       0.610378       26.311708
       0.610712       26.337649
       0.611046       26.347993
       0.611381       26.301336
       0.611715       26.259413
       0.612049       26.244321
       0.612384       26.304550
       0.612718       26.327648
       0.613052       26.325902
       0.613386       26.296862
       0.613721       26.310363
       0.614055       26.317334
       0.614389       26.338562
       0.614723       26.271387
       0.615058       26.290709
       0.615392       26.363036
       0.615726       26.349317
       0.616061       26.313630
       0.616395       26.296201
       0.616729       26.306419
       0.617063       26.249088
       0.617398       26.258827
       0.617732       26.318416
       0.618066       26.342375
       0.618400       26.354874
       0.618735       26.330173
       0.619069       26.315298
       0.619403       26.360216
       0.619737       26.354920
       0.620072       26.286107
       0.620406       26.326333
       0.620740       26.337358
       0.621075       26.336747
       0.621409       26.402875
       0.621743       26.407294
       0.622077       26.377785
       0.622412       26.314384
       0.622746       26.352331
       0.623080       26.333001
       0.623414       26.326612
       0.623749       26.333805
       0.624083       26.344463
       0.624417       26.360117
       0.624752       26.384771
       0.625086       26.399232
       0.625420       26.326147
       0.625754       26.338145
       0.626089       26.363979
       0.626423       26.368813
       0.626757       26.323745
       0.627091       26.366033
       0.627426       26.406817
       0.627760       26.345028
       0.628094       26.326803
       0.628429       26.330423
       0.628763       26.361901
       0.629097       26.358780
       0.629431       26.355606
       0.629766       26.371512
       0.630100       26.398034
       0.630434       26.338485
       0.630768       26.303544
       0.631103       26.332809
       0.631437       26.238682
       0.631771       26.356990
       0.632105       26.345685
       0.632440       26.359377
       0.632774       26.372314
       0.633108       26.280759
       0.633443       26.329998
       0.633777       26.374068
       0.634111       26.407332
       0.634445       26.395360
       0.634780       26.256984
       0.635114       26.308692
       0.635448       26.368893
       0.635782       26.304135
       0.636117       26.390834
       0.636451       26.388264
       0.636785       26.461343
       0.637120       26.373177
       0.637454       26.386000
       0.637788       26.401846
       0.638122       26.387822
       0.638457       26.349705
       0.638791       26.343291
       0.639125       26.303832
       0.639459       26.282353
       0.639794       26.286126
       0.640128       26.301086
       0.640462       26.381069
       0.640797       26.224100
       0.641131       26.307676
       0.641465       26.312169
       0.641799       26.251332
       0.642134       26.391380
       0.642468       26.355550
       0.642802       26.336475
       0.643136       26.350769
       0.643471       26.284125
       0.643805       26.287942
       0.644139       26.336525
       0.644473       26.294861
       0.644808       26.341422
       0.645142       26.392000
       0.645476       26.364269
       0.645811       26.219667
       0.646145       26.283516
       0.646479       26.314277
       0.646813       26.354253
       0.647148       26.372528
       0.647482       26.328885
       0.647816       26.345930
       0.648150       26.310357
       0.648485       26.333004
       0.648819       26.337869
       0.649153       26.326256
       0.649488       26.368577
       0.649822       26.326436
       0.650156       26.371832
       0.650490       26.289849
       0.650825       26.354668
       0.651159       26.228272
       0.651493       26.306950
       0.651827       26.307088
       0.652162       26.274723
       0.652496       26.189848
       0.652830       26.278470
       0.653165       26.328481
       0.653499       26.347386
       0.653833       26.338512
       0.654167       26.296128
       0.654502       26.294344
       0.654836       26.322050
       0.655170       26.255552
       0.655504       26.286768
       0.655839       26.332488
       0.656173       26.336038
       0.656507       26.367279
       0.656841       26.326550
       0.657176       26.321576
       0.657510       26.291234
       0.657844       26.295193
       0.658179       26.328363
       0.658513       26.313823
       0.658847       26.304076
       0.659181       26.416281
       0.659516       26.264641
       0.659850       26.367456
       0.660184       26.378386
       0.660518       26.299293
       0.660853       26.306083
       0.661187       26.272637
       0.661521       26.343307
       0.661856       26.328633
       0.662190       26.289423
       0.662524       26.261775
       0.662858       26.334262
       0.663193       26.358864
       0.663527       26.308551
       0.663861       26.286292
       0.664195       26.302855
       0.664530       26.315293
       0.664864       26.216387
       0.665198       26.354059
       0.665533       26.279604
       0.665867       26.313705
       0.666201       26.280512
       0.666535       26.337004
       0.666870       26.214237
       0.667204       26.338175
       0.667538       26.222784
       0.667872       26.276046
       0.668207       26.225051
       0.668541       26.286893
       0.668875       26.254442
       0.669210       26.298405
       0.669544       26.303151
       0.669878       26.322613
       0.670212       26.295410
       0.670547       26.224385
       0.670881       26.248942
       0.671215       26.270820
       0.671549       26.330369
       0.671884       26.275142
       0.672218       26.273998
       0.672552       26.345505
       0.672886       26.311530
       0.673221       26.306483
       0.673555       26.314049
       0.673889       26.371832
       0.674224       26.357932
       0.674558       26.275757
       0.674892       26.347171
       0.675226       26.324985
       0.675561       26.251827
       0.675895       26.273498
       0.676229       26.315116
       0.676563       26.330949
       0.676898       26.337138
       0.677232       26.361806
       0.677566       26.313344
       0.677901       26.278178
       0.678235       26.352288
       0.678569       26.284221
       0.678903       26.295842
       0.679238       26.292161
       0.679572       26.332976
       0.679906       26.277202
       0.680240       26.299340
       0.680575       26.312017
       0.680909       26.228512
       0.681243       26.310230
       0.681578       26.299412
       0.681912       26.274936
       0.682246       26.262225
       0.682580       26.266730
       0.682915       26.268399
       0.683249       26.299747
       0.683583       26.306068
       0.683917       26.267417
       0.684252       26.289260
       0.684586       26.201960
       0.684920       26.302463
       0.685255       26.301005
       0.685589       26.309655
       0.685923       26.375215
       0.686257       26.292858
       0.686592       26.281287
       0.686926       26.271047
       0.687260       26.301829
       0.687594       26.320280
       0.687929       26.292197
       0.688263       26.313055
       0.688597       26.310331
       0.688931       26.295922
       0.689266       26.336038
       0.689600       26.327003
       0.689934       26.328015
       0.690269       26.242724
       0.690603       26.247871
       0.690937       26.279373
       0.691271       26.221919
       0.691606       26.283714
       0.691940       26.231797
       0.692274       26.269918
       0.692608       26.267995
       0.692943       26.342620
       0.693277       26.279154
       0.693611       26.311440
       0.693946       26.314623
       0.694280       26.319216
       0.694614       26.298765
       0.694948       26.281440
       0.695283       26.210892
       0.695617       26.308061
       0.695951       26.259096
       0.696285       26.321605
       0.696620       26.309498
       0.696954       26.323258
       0.697288       26.265029
       0.697622       26.275582
       0.697957       26.313949
       0.698291       26.303299
       0.698625       26.313627
       0.698960       26.258846
       0.699294       26.252231
       0.699628       26.319380
       0.699962       26.299850
       0.700297       26.322306
       0.700631       26.265164
       0.700965       26.290315
       0.701299       26.231613
       0.701634       26.277831
       0.701968       26.235907
       0.702302       26.257006
       0.702637       26.260223
       0.702971       26.243262
       0.703305       26.306350
       0.703639       26.283521
       0.703974       26.250699
       0.704308       26.198671
       0.704642       26.264142
       0.704976       26.281517
       0.705311       26.330216
       0.705645       26.336922
       0.705979       26.295831
       0.706314       26.254990
       0.706648       26.292471
       0.706982       26.269763
       0.707316       26.278745
       0.707651       26.288562
       0.707985       26.310931
       0.708319       26.285976
       0.708653       26.287636
       0.708988       26.306838
       0.709322       26.286002
       0.709656       26.302869
       0.709990       26.279421
       0.710325       26.301291
       0.710659       26.209000
       0.710993       26.315537
       0.711328       26.307715
       0.711662       26.277774
       0.711996       26.308625
       0.712330       26.307051
       0.712665       26.306518
       0.712999       26.259983
       0.713333       26.283399
       0.713667       26.296310
       0.714002       26.168919
       0.714336       26.290559
       0.714670       26.300238
       0.715005       26.321126
       0.715339       26.247022
       0.715673       26.245268
       0.716007       26.200221
       0.716342       26.180443
       0.716676       26.161537
       0.717010       26.313362
       0.717344       26.266453
       0.717679       26.110834
       0.718013       26.228876
       0.718347       26.273952
       0.718682       26.270087
       0.719016       26.355431
       0.719350       26.329828
       0.719684       26.324060
       0.720019       26.299349
       0.720353       26.258058
       0.720687       26.329026
       0.721021       26.255430
       0.721356       26.491262
       0.721690       26.259694
       0.722024       26.368097
       0.722358       26.334095
       0.722693       26.342543
       0.723027       26.299024
       0.723361       26.338611
       0.723696       26.433134
       0.724030       26.295331
       0.724364       26.319732
       0.724698       26.305123
       0.725033       26.302532
       0.725367       26.203874
       0.725701       26.317264
       0.726035       26.299434
       0.726370       26.292409
       0.726704       26.273147
       0.727038       26.300479
       0.727373       26.324486
       0.727707       26.327627
       0.728041       26.303738
       0.728375       26.350808
       0.728710       26.255978
       0.729044       26.301120
       0.729378       26.331428
       0.729712       26.315027
       0.730047       26.331609
       0.730381       26.351955
       0.730715       26.333965
       0.731050       26.310662
       0.731384       26.344792
       0.731718       26.319733
       0.732052       26.334178
       0.732387       26.326802
       0.732721       26.362063
       0.733055       26.348850
       0.733389       26.207289
       0.733724       26.281140
       0.734058       26.319179
       0.734392       26.251389
       0.734726       26.325798
       0.735061       26.341143
       0.735395       26.255342
       0.735729       26.312507
       0.736064       26.298107
       0.736398       26.351884
       0.736732       26.314683
       0.737066       26.293286
       0.737401       26.253831
       0.737735       26.284347
       0.738069       26.303759
       0.738403       26.298939
       0.738738       26.300740
       0.739072       26.240695
       0.739406       26.332994
       0.739741       26.288443
       0.740075       26.278417
       0.740409       26.315240
       0.740743       26.317153
       0.741078       26.305510
       0.741412       26.345274
       0.741746       26.328928
       0.742080       26.314322
       0.742415       26.277841
       0.742749       26.282282
       0.743083       26.357328
       0.743417       26.344209
       0.743752       26.307057
       0.744086       26.325451
       0.744420       26.340175
       0.744755       26.291109
       0.745089       26.324348
       0.745423       26.249757
       0.745757       26.284378
       0.746092       26.315015
       0.746426       26.252865
       0.746760       26.309842
       0.747094       26.329295
       0.747429       26.360943
       0.747763       26.400830
       0.748097       26.294558
       0.748432       26.263052
       0.748766       26.297881
       0.749100       26.381576
       0.749434       26.322515
       0.749769       26.349290
       0.750103       26.299543
       0.750437       26.352142
       0.750771       26.366746
       0.751106       26.323405
       0.751440       26.301091
       0.751774       26.336669
       0.752109       26.308767
       0.752443       26.297044
       0.752777       26.329272
       0.753111       26.320806
       0.753446       26.360968
       0.753780       26.350302
       0.754114       26.331332
       0.754448       26.314690
       0.754783       26.412554
       0.755117       26.349061
       0.755451       26.337371
       0.755786       26.344240
       0.756120       26.329935
       0.756454       26.411473
       0.756788       26.346782
       0.757123       26.343266
       0.757457       26.426624
       0.757791       26.317960
       0.758125       26.352383
       0.758460       26.372234
       0.758794       26.353206
       0.759128       26.335548
       0.759462       26.342190
       0.759797       26.372019
       0.760131       26.352065
       0.760465       26.379904
       0.760800       26.382010
       0.761134       26.340511
       0.761468       26.352824
       0.761802       26.382859
       0.762137       26.344280
       0.762471       26.349596
       0.762805       26.312117
       0.763139       26.366881
       0.763474       26.375314
       0.763808       26.390935
       0.764142       26.362108
       0.764477       26.321307
       0.764811       26.378120
       0.765145       26.357738
       0.765479       26.370563
       0.765814       26.325268
       0.766148       26.351616
       0.766482       26.347782
       0.766816       26.334170
       0.767151       26.296715
       0.767485       26.373189
       0.767819       26.298870
       0.768153       26.351652
       0.768488       26.366681
       0.768822       26.346082
       0.769156       26.392244
       0.769491       26.344832
       0.769825       26.341935
       0.770159       26.339158
       0.770493       26.325341
       0.770828       26.361815
       0.771162       26.296121
       0.771496       26.349329
       0.771830       26.315200
       0.772165       26.325375
       0.772499       26.343555
       0.772833       26.395367
       0.773168       26.336950
       0.773502       26.384663
       0.773836       26.342576
       0.774170       26.409025
       0.774505       26.355140
       0.774839       26.328529
       0.775173       26.361252
       0.775507       26.313502
       0.775842       26.278259
       0.776176       26.300876
       0.776510       26.259371
       0.776845       26.317048
       0.777179       26.377140
       0.777513       26.296175
       0.777847       26.335578
       0.778182       26.345132
       0.778516       26.236580
       0.778850       26.324915
       0.779184       26.354126
       0.779519       26.365801
       0.779853       26.385970
       0.780187       26.355454
       0.780521       26.390274
       0.780856       26.313142
       0.781190       26.364295
       0.781524       26.354581
       0.781859       26.294052
       0.782193       26.344358
       0.782527       26.329954
       0.782861       26.410530
       0.783196       26.357461
       0.783530       26.315208
       0.783864       26.290965
       0.784198       26.308334
       0.784533       26.328420
       0.784867       26.361388
       0.785201       26.286827
       0.785536       26.318227
       0.785870       26.333826
       0.786204       26.304462
       0.786538       26.326090
       0.786873       26.351694
       0.787207       26.299093
       0.787541       26.308397
       0.787875       26.304644
       0.788210       26.255186
       0.788544       26.316702
       0.788878       26.282620
       0.789212       26.292079
       0.789547       26.326902
       0.789881       26.298818
       0.790215       26.287149
       0.790550       26.305579
       0.790884       26.305724
       0.791218       26.320544
       0.791552       26.305138
       0.791887       26.247643
       0.792221       26.322190
       0.792555       26.306806
       0.792889       26.285469
       0.793224       26.379538
       0.793558       26.275204
       0.793892       26.368666
       0.794227       26.316932
       0.794561       26.329510
       0.794895       26.332201
       0.795229       26.304429
       0.795564       26.275577
       0.795898       26.305412
       0.796232       26.350642
       0.796566       26.333314
       0.796901       26.356858
       0.797235       26.363258
       0.797569       26.376078
       0.797904       26.324349
       0.798238       26.306775
       0.798572       26.302185
       0.798906       26.294131
       0.799241       26.306759
       0.799575       26.324070
       0.799909       26.284007
       0.800243       26.324808
       0.800578       26.280492
       0.800912       26.290833
       0.801246       26.328235
       0.801580       26.302931
       0.801915       26.301128
       0.802249       26.252880
       0.802583       26.274106
       0.802918       26.327682
       0.803252       26.299359
       0.803586       26.342659
       0.803920       26.257537
       0.804255       26.345580
       0.804589       26.343442
       0.804923       26.322273
       0.805257       26.340270
       0.805592       26.315298
       0.805926       26.401592
       0.806260       26.326348
       0.806595       26.325446
       0.806929       26.324490
       0.807263       26.345273
       0.807597       26.261597
       0.807932       26.348455
       0.808266       26.348480
       0.808600       26.369308
       0.808934       26.248748
       0.809269       26.292033
       0.809603       26.293672
       0.809937       26.349618
       0.810271       26.296608
       0.810606       26.327844
       0.810940       26.292807
       0.811274       26.307132
       0.811609       26.266150
       0.811943       26.336668
       0.812277       26.380700
       0.812611       26.290486
       0.812946       26.326441
       0.813280       26.291554
       0.813614       26.339936
       0.813948       26.339835
       0.814283       26.309769
       0.814617       26.331623
       0.814951       26.293524
       0.815286       26.328051
       0.815620       26.354939
       0.815954       26.379000
       0.816288       26.355747
       0.816623       26.315895
       0.816957       26.364059
       0.817291       26.353139
       0.817625       26.320127
       0.817960       26.330353
       0.818294       26.351881
       0.818628       26.407222
       0.818963       26.331562
       0.819297       26.368066
       0.819631       26.429342
       0.819965       26.371739
       0.820300       26.341406
       0.820634       26.370141
       0.820968       26.359283
       0.821302       26.367811
       0.821637       26.442433
       0.821971       26.363164
       0.822305       26.365823
       0.822639       26.348744
       0.822974       26.346605
       0.823308       26.344151
       0.823642       26.384732
       0.823977       26.362387
       0.824311       26.395848
       0.824645       26.402842
       0.824979       26.314272
       0.825314       26.316939
       0.825648       26.415137
       0.825982       26.355577
       0.826316       26.365263
       0.826651       26.382514
       0.826985       26.298819
       0.827319       26.425944
       0.827654       26.323737
       0.827988       26.388223
       0.828322       26.353177
       0.828656       26.285714
       0.828991       26.378380
       0.829325       26.369643
       0.829659       26.367165
       0.829993       26.359312
       0.830328       26.372595
       0.830662       26.358439
       0.830996       26.389600
       0.831331       26.329847
       0.831665       26.362914
       0.831999       26.392569
       0.832333       26.398400
       0.832668       26.322028
       0.833002       26.359554
       0.833336       26.361771
       0.833622       26.340855
       0.833622       26.326894
