       0.000000        2.899677
       0.000001        3.054852
       0.000003        3.065936
       0.000005        3.072094
       0.000009        3.078252
       0.000014        3.085025
       0.000024        3.091183
       0.000035        3.096109
       0.000046        3.101035
       0.000061        3.106577
       0.000078        3.111503
       0.000096        3.116430
       0.000119        3.121356
       0.000141        3.126282
       0.000171        3.131208
       0.000210        3.136134
       0.000260        3.141061
       0.000336        3.145987
       0.000446        3.150913
       0.000613        3.155839
       0.000824        3.160765
       0.000931        3.163228
       0.001212        3.168155
       0.001528        3.173081
       0.001861        3.176775
       0.002152        3.181702
       0.002568        3.186628
       0.002792        3.189091
       0.003224        3.194017
       0.003648        3.198943
       0.003722        3.199559
       0.004242        3.204485
       0.004653        3.208180
       0.005133        3.213106
       0.005583        3.216801
       0.006065        3.221727
       0.006514        3.225421
       0.007029        3.230348
       0.007444        3.233427
       0.008036        3.238353
       0.008375        3.240200
       0.008911        3.245126
       0.009305        3.248205
       0.009981        3.253131
       0.010236        3.254363
       0.010839        3.259289
       0.011166        3.261136
       0.011812        3.266063
       0.012097        3.267910
       0.012808        3.272836
       0.013027        3.274068
       0.013757        3.278994
       0.013958        3.280225
       0.014758        3.285152
       0.014888        3.285767
       0.015663        3.290693
       0.015819        3.291309
       0.016587        3.296235
       0.016749        3.296851
       0.017551        3.301777
       0.017680        3.301777
       0.018430        3.306704
       0.018610        3.307319
       0.019476        3.312246
       0.019541        3.312246
       0.020384        3.317172
       0.020471        3.317172
       0.021387        3.322098
       0.021402        3.322098
       0.022332        3.326408
       0.023263        3.330719
       0.024154        3.335645
       0.024193        3.335645
       0.025124        3.339955
       0.026054        3.344266
       0.026985        3.347960
       0.027915        3.351655
       0.028846        3.355965
       0.029776        3.359660
       0.030707        3.362739
       0.031637        3.367049
       0.032568        3.370128
       0.033498        3.373823
       0.034429        3.377518
       0.035359        3.381212
       0.036290        3.384291
       0.037220        3.387370
       0.038151        3.391065
       0.039081        3.394143
       0.040012        3.397222
       0.040942        3.399685
       0.041873        3.403380
       0.042803        3.405843
       0.043734        3.408922
       0.044664        3.411385
       0.045595        3.414464
       0.046525        3.416927
       0.047456        3.419390
       0.048386        3.422469
       0.049317        3.424932
       0.050247        3.427395
       0.051178        3.429858
       0.052108        3.432321
       0.053039        3.435400
       0.053969        3.437863
       0.054900        3.440326
       0.055830        3.442174
       0.056761        3.445253
       0.057691        3.447100
       0.058622        3.448947
       0.059552        3.451410
       0.060483        3.453873
       0.061413        3.455721
       0.062344        3.458184
       0.063274        3.460031
       0.064205        3.462494
       0.065135        3.464957
       0.066066        3.466805
       0.066996        3.468652
       0.067927        3.470499
       0.068857        3.472347
       0.069788        3.474810
       0.070718        3.476657
       0.071649        3.478504
       0.072579        3.480352
       0.073510        3.482199
       0.074440        3.484046
       0.075371        3.485894
       0.076301        3.487741
       0.077232        3.489588
       0.078162        3.491436
       0.079093        3.493283
       0.080023        3.495130
       0.080954        3.496978
       0.081884        3.498209
       0.082815        3.500056
       0.083745        3.501288
       0.084676        3.503135
       0.085606        3.504983
       0.086537        3.506214
       0.087467        3.508062
       0.088398        3.509293
       0.089328        3.511140
       0.090259        3.512988
       0.091189        3.514219
       0.092120        3.515451
       0.093050        3.516682
       0.093981        3.518530
       0.094911        3.519761
       0.095842        3.521609
       0.096772        3.522840
       0.097703        3.524072
       0.098633        3.525303
       0.099564        3.526535
       0.100494        3.528382
       0.101425        3.529614
       0.102355        3.530845
       0.103286        3.532077
       0.104216        3.533308
       0.105147        3.535156
       0.106077        3.536387
       0.107008        3.537003
       0.107938        3.538234
       0.108869        3.539466
       0.109799        3.540697
       0.110730        3.542545
       0.111660        3.543161
       0.112591        3.544392
       0.113521        3.545624
       0.114452        3.546855
       0.115382        3.547471
       0.116313        3.548703
       0.117243        3.549934
       0.118174        3.550550
       0.119104        3.551781
       0.120035        3.553013
       0.120965        3.553629
       0.121896        3.554860
       0.122826        3.556092
       0.123757        3.556708
       0.124687        3.557939
       0.125618        3.558555
       0.126548        3.559171
       0.127479        3.560402
       0.128409        3.561634
       0.129340        3.562865
       0.130270        3.563481
       0.131201        3.564097
       0.132131        3.564713
       0.133062        3.565944
       0.133992        3.566560
       0.134923        3.567176
       0.135853        3.567792
       0.136784        3.568407
       0.137714        3.569639
       0.138645        3.570255
       0.139575        3.571486
       0.140506        3.572102
       0.141436        3.572718
       0.142367        3.573949
       0.143297        3.573949
       0.144228        3.575181
       0.145158        3.575797
       0.146089        3.576412
       0.147019        3.577028
       0.147950        3.577644
       0.148880        3.578260
       0.149811        3.578875
       0.150741        3.579491
       0.151672        3.580107
       0.152602        3.581339
       0.153533        3.581954
       0.154463        3.582570
       0.155394        3.583186
       0.156324        3.583186
       0.157255        3.583802
       0.158185        3.584417
       0.159116        3.585649
       0.160046        3.585649
       0.160977        3.586265
       0.161907        3.586881
       0.162838        3.587496
       0.163768        3.587496
       0.164699        3.588112
       0.165629        3.588728
       0.166560        3.589344
       0.167490        3.589959
       0.168421        3.590575
       0.169351        3.591191
       0.170282        3.591807
       0.171212        3.592422
       0.172143        3.592422
       0.173073        3.593038
       0.174004        3.593654
       0.174934        3.594270
       0.175865        3.594270
       0.176795        3.594886
       0.177726        3.595501
       0.178656        3.595501
       0.179587        3.596117
       0.180517        3.596117
       0.181448        3.597349
       0.182378        3.597349
       0.183309        3.597349
       0.184239        3.597964
       0.185170        3.597964
       0.186100        3.598580
       0.187031        3.599196
       0.187961        3.599812
       0.188892        3.600428
       0.189822        3.600428
       0.190753        3.600428
       0.191683        3.601043
       0.192614        3.601659
       0.193544        3.601659
       0.194475        3.602275
       0.195405        3.602275
       0.196336        3.602891
       0.197266        3.602891
       0.198197        3.602891
       0.199127        3.603506
       0.200058        3.604122
       0.200988        3.604738
       0.201919        3.604738
       0.202849        3.604738
       0.203780        3.604738
       0.204710        3.605354
       0.205641        3.605354
       0.206571        3.605969
       0.207502        3.605969
       0.208432        3.606585
       0.209363        3.606585
       0.210293        3.607201
       0.211224        3.607201
       0.212154        3.607817
       0.213085        3.607817
       0.214015        3.607817
       0.214946        3.607817
       0.215876        3.608433
       0.216807        3.609048
       0.217737        3.609048
       0.218668        3.609048
       0.219598        3.609664
       0.220529        3.609664
       0.221459        3.610280
       0.222390        3.610896
       0.223320        3.610896
       0.224251        3.611511
       0.225181        3.610896
       0.226112        3.611511
       0.227042        3.611511
       0.227973        3.612127
       0.228903        3.612127
       0.229834        3.612743
       0.230764        3.612743
       0.231695        3.612743
       0.232625        3.613359
       0.233556        3.613359
       0.234486        3.613975
       0.235417        3.613975
       0.236347        3.613975
       0.237278        3.614590
       0.238208        3.614590
       0.239139        3.614590
       0.240069        3.615206
       0.241000        3.615206
       0.241930        3.615206
       0.242861        3.615822
       0.243791        3.615822
       0.244722        3.616438
       0.245652        3.616438
       0.246583        3.616438
       0.247513        3.617053
       0.248444        3.617053
       0.249374        3.617053
       0.250305        3.617669
       0.251235        3.617669
       0.252166        3.618285
       0.253096        3.618285
       0.254027        3.618285
       0.254957        3.618901
       0.255888        3.618901
       0.256818        3.619517
       0.257749        3.619517
       0.258679        3.619517
       0.259610        3.619517
       0.260540        3.620132
       0.261471        3.620748
       0.262401        3.620748
       0.263332        3.621364
       0.264262        3.621364
       0.265193        3.621364
       0.266123        3.621980
       0.267054        3.621980
       0.267984        3.621980
       0.268915        3.622595
       0.269845        3.622595
       0.270776        3.622595
       0.271706        3.623211
       0.272637        3.623827
       0.273567        3.623827
       0.274498        3.623827
       0.275428        3.623827
       0.276359        3.623827
       0.277289        3.624443
       0.278220        3.625058
       0.279150        3.625058
       0.280081        3.625058
       0.281011        3.625674
       0.281942        3.626290
       0.282872        3.626290
       0.283803        3.626290
       0.284733        3.626906
       0.285664        3.626906
       0.286594        3.626906
       0.287525        3.627522
       0.288455        3.627522
       0.289386        3.628137
       0.290316        3.628137
       0.291247        3.628137
       0.292177        3.628753
       0.293108        3.628753
       0.294038        3.628753
       0.294969        3.629369
       0.295899        3.629985
       0.296830        3.629985
       0.297760        3.629985
       0.298691        3.629985
       0.299621        3.630600
       0.300552        3.631216
       0.301482        3.631216
       0.302413        3.631832
       0.303343        3.631832
       0.304274        3.631832
       0.305204        3.632448
       0.306135        3.632448
       0.307065        3.633064
       0.307996        3.633064
       0.308926        3.633679
       0.309857        3.633679
       0.310787        3.633679
       0.311718        3.634295
       0.312648        3.634295
       0.313579        3.634911
       0.314509        3.634911
       0.315440        3.635527
       0.316370        3.635527
       0.317301        3.636142
       0.318231        3.635527
       0.319162        3.636142
       0.320092        3.636142
       0.321023        3.636758
       0.321953        3.637374
       0.322884        3.637374
       0.323814        3.637374
       0.324745        3.637990
       0.325675        3.637990
       0.326606        3.638605
       0.327536        3.638605
       0.328467        3.638605
       0.329397        3.639221
       0.330328        3.639221
       0.331258        3.639837
       0.332189        3.639837
       0.333119        3.640453
       0.334050        3.640453
       0.334980        3.641069
       0.335911        3.641069
       0.336841        3.641684
       0.337772        3.641684
       0.338702        3.641684
       0.339633        3.642300
       0.340563        3.642916
       0.341494        3.642916
       0.342424        3.642916
       0.343355        3.643532
       0.344285        3.643532
       0.345216        3.644147
       0.346146        3.644147
       0.347077        3.644147
       0.348007        3.644763
       0.348938        3.644763
       0.349868        3.645379
       0.350799        3.645379
       0.351729        3.645379
       0.352660        3.645995
       0.353590        3.645995
       0.354521        3.646611
       0.355451        3.647226
       0.356382        3.647226
       0.357312        3.647226
       0.358243        3.647842
       0.359173        3.647842
       0.360104        3.647842
       0.361034        3.648458
       0.361965        3.648458
       0.362895        3.649074
       0.363826        3.649074
       0.364756        3.649689
       0.365687        3.649689
       0.366617        3.650305
       0.367548        3.650305
       0.368478        3.650921
       0.369409        3.650921
       0.370339        3.651537
       0.371270        3.651537
       0.372200        3.652152
       0.373131        3.652152
       0.374061        3.652152
       0.374992        3.652768
       0.375922        3.652768
       0.376853        3.653384
       0.377783        3.653384
       0.378714        3.654000
       0.379644        3.654000
       0.380575        3.654000
       0.381505        3.654616
       0.382436        3.654616
       0.383366        3.655231
       0.384297        3.655231
       0.385227        3.655231
       0.386158        3.655847
       0.387088        3.656463
       0.388019        3.656463
       0.388949        3.656463
       0.389880        3.657079
       0.390810        3.657079
       0.391741        3.657694
       0.392671        3.657694
       0.393602        3.657694
       0.394532        3.658310
       0.395463        3.658310
       0.396393        3.658926
       0.397324        3.658926
       0.398254        3.659542
       0.399185        3.659542
       0.400115        3.659542
       0.401046        3.660158
       0.401976        3.660158
       0.402907        3.660773
       0.403837        3.660773
       0.404768        3.661389
       0.405698        3.662005
       0.406629        3.662005
       0.407559        3.662621
       0.408490        3.662621
       0.409420        3.662621
       0.410351        3.662621
       0.411281        3.663236
       0.412212        3.663852
       0.413142        3.663852
       0.414073        3.663852
       0.415003        3.664468
       0.415934        3.664468
       0.416864        3.665084
       0.417795        3.665084
       0.418725        3.665084
       0.419656        3.665700
       0.420586        3.665700
       0.421517        3.666315
       0.422447        3.666315
       0.423378        3.666931
       0.424308        3.666931
       0.425239        3.667547
       0.426169        3.666931
       0.427100        3.667547
       0.428030        3.667547
       0.428961        3.668163
       0.429891        3.668163
       0.430822        3.668778
       0.431752        3.668778
       0.432683        3.669394
       0.433613        3.669394
       0.434544        3.670010
       0.435474        3.670010
       0.436405        3.670626
       0.437335        3.670626
       0.438266        3.671241
       0.439196        3.671241
       0.440127        3.671857
       0.441057        3.671857
       0.441988        3.671857
       0.442918        3.671857
       0.443849        3.672473
       0.444779        3.672473
       0.445710        3.673089
       0.446640        3.673089
       0.447571        3.673705
       0.448501        3.673705
       0.449432        3.673705
       0.450362        3.674320
       0.451293        3.674320
       0.452223        3.674936
       0.453154        3.674936
       0.454084        3.675552
       0.455015        3.675552
       0.455945        3.675552
       0.456876        3.676168
       0.457806        3.676783
       0.458737        3.676168
       0.459667        3.676783
       0.460598        3.676783
       0.461528        3.677399
       0.462459        3.677399
       0.463389        3.678015
       0.464320        3.678015
       0.465250        3.678015
       0.466181        3.678631
       0.467111        3.678631
       0.468042        3.679247
       0.468972        3.679247
       0.469903        3.679247
       0.470833        3.679862
       0.471764        3.680478
       0.472694        3.680478
       0.473625        3.680478
       0.474555        3.681094
       0.475486        3.681710
       0.476416        3.681710
       0.477347        3.681710
       0.478277        3.682325
       0.479208        3.682325
       0.480138        3.682941
       0.481069        3.682325
       0.481999        3.682941
       0.482930        3.682941
       0.483860        3.683557
       0.484791        3.684173
       0.485721        3.684173
       0.486652        3.684173
       0.487582        3.684788
       0.488513        3.684788
       0.489443        3.685404
       0.490374        3.685404
       0.491304        3.685404
       0.492235        3.686020
       0.493165        3.686020
       0.494096        3.686636
       0.495026        3.686636
       0.495957        3.686636
       0.496887        3.686636
       0.497818        3.687252
       0.498748        3.687867
       0.499679        3.687867
       0.500609        3.688483
       0.501540        3.688483
       0.502470        3.688483
       0.503401        3.689099
       0.504331        3.689099
       0.505262        3.689715
       0.506192        3.689715
       0.507123        3.690330
       0.508053        3.690946
       0.508984        3.690946
       0.509914        3.690946
       0.510845        3.691562
       0.511775        3.692178
       0.512706        3.691562
       0.513636        3.692178
       0.514567        3.692178
       0.515497        3.692794
       0.516428        3.692794
       0.517358        3.692794
       0.518289        3.693409
       0.519219        3.693409
       0.520150        3.694025
       0.521080        3.694025
       0.522011        3.694641
       0.522941        3.694641
       0.523872        3.694641
       0.524802        3.695257
       0.525733        3.695257
       0.526663        3.695257
       0.527594        3.695872
       0.528524        3.695872
       0.529455        3.695872
       0.530385        3.696488
       0.531316        3.697104
       0.532246        3.697104
       0.533177        3.697720
       0.534107        3.697720
       0.535038        3.697720
       0.535968        3.698336
       0.536899        3.698336
       0.537829        3.698951
       0.538760        3.698951
       0.539690        3.699567
       0.540621        3.699567
       0.541551        3.699567
       0.542482        3.700183
       0.543412        3.700183
       0.544343        3.700799
       0.545273        3.700799
       0.546204        3.701414
       0.547134        3.701414
       0.548065        3.701414
       0.548995        3.702030
       0.549926        3.702030
       0.550856        3.702646
       0.551787        3.702646
       0.552717        3.702646
       0.553648        3.702646
       0.554578        3.703262
       0.555509        3.703262
       0.556439        3.703877
       0.557370        3.704493
       0.558300        3.704493
       0.559231        3.704493
       0.560161        3.704493
       0.561092        3.705109
       0.562022        3.705109
       0.562953        3.705725
       0.563883        3.705725
       0.564814        3.706341
       0.565744        3.706341
       0.566675        3.706956
       0.567605        3.706956
       0.568536        3.706956
       0.569466        3.707572
       0.570397        3.707572
       0.571327        3.707572
       0.572258        3.707572
       0.573188        3.708188
       0.574119        3.708804
       0.575049        3.709419
       0.575980        3.708804
       0.576910        3.709419
       0.577841        3.709419
       0.578771        3.710035
       0.579702        3.710035
       0.580632        3.710035
       0.581563        3.710651
       0.582493        3.710651
       0.583424        3.711267
       0.584354        3.711883
       0.585285        3.711883
       0.586215        3.711883
       0.587146        3.711883
       0.588076        3.712498
       0.589007        3.712498
       0.589937        3.713114
       0.590868        3.713114
       0.591798        3.713730
       0.592729        3.713730
       0.593659        3.713730
       0.594590        3.714346
       0.595520        3.714346
       0.596451        3.714346
       0.597381        3.714961
       0.598312        3.714961
       0.599242        3.714961
       0.600173        3.715577
       0.601103        3.715577
       0.602034        3.715577
       0.602964        3.716193
       0.603895        3.716193
       0.604825        3.716809
       0.605756        3.716809
       0.606686        3.716809
       0.607617        3.717424
       0.608547        3.718040
       0.609478        3.717424
       0.610408        3.718040
       0.611339        3.718040
       0.612269        3.718656
       0.613200        3.718656
       0.614130        3.718656
       0.615061        3.719272
       0.615991        3.719888
       0.616922        3.719272
       0.617852        3.719888
       0.618783        3.719888
       0.619713        3.720503
       0.620644        3.720503
       0.621574        3.720503
       0.622505        3.721119
       0.623435        3.721119
       0.624366        3.721735
       0.625296        3.721735
       0.626227        3.721735
       0.627157        3.722351
       0.628088        3.722351
       0.629018        3.722351
       0.629949        3.722966
       0.630879        3.722966
       0.631810        3.723582
       0.632740        3.723582
       0.633671        3.723582
       0.634601        3.724198
       0.635532        3.724198
       0.636462        3.724814
       0.637393        3.724814
       0.638323        3.724814
       0.639254        3.724814
       0.640184        3.725430
       0.641115        3.725430
       0.642045        3.726045
       0.642976        3.726045
       0.643906        3.726045
       0.644837        3.726045
       0.645767        3.726661
       0.646698        3.726661
       0.647628        3.726661
       0.648559        3.727277
       0.649489        3.727277
       0.650420        3.727893
       0.651350        3.727893
       0.652281        3.728508
       0.653211        3.727893
       0.654142        3.728508
       0.655072        3.729124
       0.656003        3.729124
       0.656933        3.729124
       0.657864        3.729740
       0.658794        3.729740
       0.659725        3.730356
       0.660655        3.730356
       0.661586        3.730356
       0.662516        3.730356
       0.663447        3.730972
       0.664377        3.730972
       0.665308        3.730972
       0.666238        3.731587
       0.667169        3.731587
       0.668099        3.731587
       0.669030        3.732203
       0.669960        3.732203
       0.670891        3.732819
       0.671821        3.732819
       0.672752        3.732819
       0.673682        3.733435
       0.674613        3.733435
       0.675543        3.733435
       0.676474        3.733435
       0.677404        3.734050
       0.678335        3.734050
       0.679265        3.734666
       0.680196        3.734666
       0.681126        3.734666
       0.682057        3.735282
       0.682987        3.735282
       0.683918        3.735282
       0.684848        3.735898
       0.685779        3.735898
       0.686709        3.735898
       0.687640        3.736513
       0.688570        3.736513
       0.689501        3.736513
       0.690431        3.737129
       0.691362        3.737129
       0.692292        3.737129
       0.693223        3.737129
       0.694153        3.737745
       0.695084        3.737745
       0.696014        3.738361
       0.696945        3.738361
       0.697875        3.738361
       0.698806        3.738977
       0.699736        3.738977
       0.700667        3.738977
       0.701597        3.739592
       0.702528        3.739592
       0.703458        3.739592
       0.704389        3.740208
       0.705319        3.740208
       0.706250        3.740208
       0.707180        3.740824
       0.708111        3.740824
       0.709041        3.741440
       0.709972        3.741440
       0.710902        3.741440
       0.711833        3.741440
       0.712763        3.742055
       0.713694        3.742055
       0.714624        3.742055
       0.715555        3.742055
       0.716485        3.742671
       0.717416        3.742671
       0.718346        3.743287
       0.719277        3.743287
       0.720207        3.743287
       0.721138        3.743903
       0.722068        3.743903
       0.722999        3.743903
       0.723929        3.743903
       0.724860        3.744519
       0.725790        3.744519
       0.726721        3.744519
       0.727651        3.745134
       0.728582        3.745134
       0.729512        3.745134
       0.730443        3.745750
       0.731373        3.745750
       0.732304        3.745750
       0.733234        3.745750
       0.734165        3.746366
       0.735095        3.746366
       0.736026        3.746982
       0.736956        3.746982
       0.737887        3.746982
       0.738817        3.747597
       0.739748        3.746982
       0.740678        3.747597
       0.741609        3.747597
       0.742539        3.747597
       0.743470        3.748213
       0.744400        3.748213
       0.745331        3.748213
       0.746261        3.748829
       0.747192        3.748829
       0.748122        3.749445
       0.749053        3.749445
       0.749983        3.749445
       0.750914        3.750060
       0.751844        3.750060
       0.752775        3.750060
       0.753705        3.750676
       0.754636        3.750676
       0.755566        3.750676
       0.756497        3.750676
       0.757427        3.751292
       0.758358        3.751292
       0.759288        3.751908
       0.760219        3.751292
       0.761149        3.751908
       0.762080        3.751908
       0.763010        3.752524
       0.763941        3.752524
       0.764871        3.752524
       0.765802        3.752524
       0.766732        3.753139
       0.767663        3.753139
       0.768593        3.753755
       0.769524        3.753755
       0.770454        3.753755
       0.771385        3.753755
       0.772315        3.754371
       0.773246        3.754371
       0.774176        3.754371
       0.775107        3.754371
       0.776037        3.754987
       0.776968        3.754987
       0.777898        3.754987
       0.778829        3.755602
       0.779759        3.755602
       0.780690        3.755602
       0.781620        3.756218
       0.782551        3.756218
       0.783481        3.756218
       0.784412        3.756218
       0.785342        3.756218
       0.786273        3.756834
       0.787203        3.756834
       0.788134        3.757450
       0.789064        3.757450
       0.789995        3.757450
       0.790925        3.757450
       0.791856        3.758066
       0.792786        3.758681
       0.793717        3.758681
       0.794647        3.758681
       0.795578        3.758681
       0.796508        3.758681
       0.797439        3.759297
       0.798369        3.759297
       0.799300        3.759913
       0.800230        3.759913
       0.801161        3.759913
       0.802091        3.760529
       0.803022        3.759913
       0.803952        3.760529
       0.804883        3.761144
       0.805813        3.760529
       0.806744        3.761760
       0.807674        3.761144
       0.808605        3.761760
       0.809535        3.761760
       0.810466        3.761760
       0.811396        3.761760
       0.812327        3.762376
       0.813257        3.762376
       0.814188        3.762992
       0.815118        3.762992
       0.816049        3.762992
       0.816979        3.762992
       0.817910        3.763607
       0.818840        3.763607
       0.819771        3.764223
       0.820701        3.764223
       0.821632        3.763607
       0.822562        3.764223
       0.823493        3.764223
       0.824423        3.764839
       0.825354        3.764839
       0.826284        3.764839
       0.827215        3.764839
       0.828145        3.765455
       0.829076        3.765455
       0.830006        3.765455
       0.830937        3.766071
       0.831867        3.766071
       0.832798        3.766686
       0.833728        3.766686
       0.834659        3.766686
       0.835589        3.766686
       0.836520        3.767302
       0.837450        3.767302
       0.838381        3.767302
       0.839311        3.767918
       0.840242        3.767918
       0.841172        3.767918
       0.842103        3.768534
       0.843033        3.768534
       0.843964        3.768534
       0.844894        3.769149
       0.845825        3.769149
       0.846755        3.769149
       0.847686        3.769765
       0.848616        3.769765
       0.849547        3.769765
       0.850477        3.769765
       0.851408        3.770381
       0.852338        3.770997
       0.853269        3.770997
       0.854199        3.770997
       0.855130        3.770997
       0.856060        3.771613
       0.856991        3.771613
       0.857921        3.771613
       0.858852        3.772228
       0.859782        3.772228
       0.860713        3.772228
       0.861643        3.772844
       0.862574        3.772844
       0.863504        3.772844
       0.864435        3.772844
       0.865365        3.773460
       0.866296        3.773460
       0.867226        3.773460
       0.868157        3.774076
       0.869087        3.774076
       0.870018        3.774076
       0.870948        3.774076
       0.871879        3.774691
       0.872810        3.774691
       0.873740        3.774691
       0.874670        3.775307
       0.875601        3.775307
       0.876531        3.775307
       0.877462        3.775923
       0.878392        3.775923
       0.879323        3.775923
       0.880253        3.776539
       0.881184        3.776539
       0.882114        3.776539
       0.883045        3.776539
       0.883975        3.776539
       0.884906        3.777155
       0.885836        3.777155
       0.886767        3.777155
       0.887697        3.777770
       0.888628        3.777770
       0.889558        3.777770
       0.890489        3.778386
       0.891419        3.778386
       0.892350        3.778386
       0.893280        3.778386
       0.894211        3.779002
       0.895141        3.779618
       0.896072        3.779618
       0.897002        3.779618
       0.897933        3.780233
       0.898863        3.780233
       0.899794        3.780233
       0.900724        3.780849
       0.901655        3.780849
       0.902585        3.780849
       0.903516        3.780849
       0.904446        3.781465
       0.905377        3.781465
       0.906307        3.782081
       0.907238        3.782081
       0.908168        3.782081
       0.909099        3.782696
       0.910029        3.782081
       0.910960        3.782696
       0.911890        3.783312
       0.912821        3.783312
       0.913751        3.783312
       0.914682        3.783312
       0.915612        3.783312
       0.916543        3.783928
       0.917473        3.783928
       0.918404        3.783928
       0.919334        3.783928
       0.920265        3.784544
       0.921195        3.784544
       0.922126        3.784544
       0.923056        3.784544
       0.923987        3.785160
       0.924917        3.785160
       0.925848        3.785775
       0.926778        3.785775
       0.927709        3.785775
       0.928639        3.785775
       0.929570        3.786391
       0.930500        3.786391
       0.931431        3.786391
       0.932361        3.786391
       0.933292        3.787007
       0.934222        3.787007
       0.935153        3.787623
       0.936083        3.787623
       0.937014        3.787623
       0.937944        3.787623
       0.938875        3.788238
       0.939805        3.788238
       0.940736        3.788238
       0.941666        3.788854
       0.942597        3.789470
       0.943527        3.789470
       0.944458        3.789470
       0.945388        3.789470
       0.946319        3.790086
       0.947249        3.790086
       0.948180        3.790702
       0.949110        3.790702
       0.950041        3.790702
       0.950971        3.790702
       0.951902        3.791317
       0.952832        3.791317
       0.953763        3.791317
       0.954693        3.791933
       0.955624        3.791933
       0.956554        3.791933
       0.957485        3.792549
       0.958415        3.792549
       0.959346        3.792549
       0.960276        3.792549
       0.961207        3.793165
       0.962137        3.793165
       0.963068        3.793165
       0.963998        3.793165
       0.964929        3.793780
       0.965860        3.793780
       0.966790        3.794396
       0.967720        3.794396
       0.968651        3.794396
       0.969582        3.794396
       0.970512        3.795012
       0.971443        3.795012
       0.972373        3.795012
       0.973304        3.795628
       0.974234        3.795628
       0.975165        3.795628
       0.976095        3.795628
       0.977026        3.796243
       0.977956        3.796243
       0.978887        3.796243
       0.979817        3.796243
       0.980748        3.796859
       0.981678        3.796859
       0.982609        3.797475
       0.983539        3.797475
       0.984470        3.797475
       0.985400        3.798091
       0.986331        3.798707
       0.987261        3.798091
       0.988192        3.798707
       0.989122        3.798707
       0.990053        3.798707
       0.990983        3.798707
       0.991914        3.799322
       0.992844        3.799938
       0.993775        3.799938
       0.994705        3.799938
       0.995636        3.800554
       0.996566        3.799938
       0.997497        3.800554
       0.998427        3.800554
       0.999358        3.801170
       1.000288        3.801170
       1.001219        3.801170
       1.002149        3.801170
       1.003080        3.801785
       1.004010        3.801785
       1.004941        3.801785
       1.005871        3.801785
       1.006802        3.802401
       1.007732        3.802401
       1.008663        3.802401
       1.009593        3.803017
       1.010524        3.803017
       1.011454        3.803633
       1.012385        3.803633
       1.013315        3.803633
       1.014246        3.803633
       1.015176        3.803633
       1.016107        3.804249
       1.017037        3.804249
       1.017968        3.804249
       1.018898        3.804864
       1.019829        3.804864
       1.020759        3.804864
       1.021690        3.805480
       1.022620        3.805480
       1.023551        3.805480
       1.024481        3.805480
       1.025412        3.806096
       1.026342        3.806096
       1.027273        3.806096
       1.028203        3.806712
       1.029134        3.806712
       1.030064        3.806712
       1.030995        3.806712
       1.031925        3.807327
       1.032856        3.807327
       1.033786        3.807943
       1.034717        3.808559
       1.035647        3.807943
       1.036578        3.808559
       1.037508        3.808559
       1.038439        3.808559
       1.039369        3.809175
       1.040300        3.809175
       1.041230        3.809175
       1.042161        3.809791
       1.043091        3.809791
       1.044022        3.809791
       1.044952        3.809791
       1.045883        3.810406
       1.046813        3.810406
       1.047744        3.810406
       1.048674        3.810406
       1.049605        3.811022
       1.050535        3.811022
       1.051466        3.811638
       1.052396        3.811638
       1.053327        3.811638
       1.054257        3.811638
       1.055188        3.812254
       1.056118        3.812254
       1.057049        3.812254
       1.057979        3.812869
       1.058910        3.812869
       1.059840        3.812869
       1.060771        3.812869
       1.061701        3.813485
       1.062632        3.813485
       1.063562        3.813485
       1.064493        3.814101
       1.065423        3.814101
       1.066354        3.814101
       1.067284        3.814101
       1.068215        3.814717
       1.069145        3.814717
       1.070076        3.814717
       1.071006        3.815332
       1.071937        3.815332
       1.072867        3.815332
       1.073798        3.815332
       1.074728        3.815948
       1.075659        3.815948
       1.076589        3.815948
       1.077520        3.815948
       1.078450        3.816564
       1.079381        3.816564
       1.080311        3.816564
       1.081242        3.817180
       1.082172        3.817180
       1.083103        3.817796
       1.084033        3.817796
       1.084964        3.817796
       1.085894        3.818411
       1.086825        3.818411
       1.087755        3.818411
       1.088686        3.818411
       1.089616        3.819027
       1.090547        3.819027
       1.091477        3.819027
       1.092408        3.819643
       1.093338        3.819643
       1.094269        3.819643
       1.095199        3.820259
       1.096130        3.820259
       1.097060        3.820259
       1.097991        3.820259
       1.098921        3.820874
       1.099852        3.820874
       1.100782        3.821490
       1.101713        3.820874
       1.102643        3.821490
       1.103574        3.821490
       1.104504        3.822106
       1.105435        3.821490
       1.106365        3.822106
       1.107296        3.822106
       1.108226        3.822722
       1.109157        3.822106
       1.110087        3.822722
       1.111018        3.822722
       1.111948        3.823338
       1.112879        3.823338
       1.113809        3.823338
       1.114740        3.823953
       1.115670        3.823953
       1.116601        3.823953
       1.117531        3.823953
       1.118462        3.823953
       1.119392        3.824569
       1.120323        3.824569
       1.121253        3.824569
       1.122184        3.824569
       1.123114        3.825185
       1.124045        3.825185
       1.124975        3.825185
       1.125906        3.825801
       1.126836        3.825801
       1.127767        3.825801
       1.128697        3.826416
       1.129628        3.826416
       1.130558        3.826416
       1.131489        3.827032
       1.132419        3.827032
       1.133350        3.827032
       1.134280        3.827648
       1.135211        3.827648
       1.136141        3.827648
       1.137072        3.828264
       1.138002        3.828264
       1.138933        3.828264
       1.139863        3.828264
       1.140794        3.828879
       1.141724        3.829495
       1.142655        3.828879
       1.143585        3.829495
       1.144516        3.829495
       1.145446        3.829495
       1.146377        3.830111
       1.147307        3.830111
       1.148238        3.830111
       1.149168        3.830111
       1.150099        3.830727
       1.151029        3.830727
       1.151960        3.830727
       1.152890        3.830727
       1.153821        3.831343
       1.154751        3.831343
       1.155682        3.831343
       1.156612        3.831343
       1.157543        3.831958
       1.158473        3.831958
       1.159404        3.832574
       1.160334        3.832574
       1.161265        3.832574
       1.162195        3.833190
       1.163126        3.833190
       1.164056        3.833190
       1.164987        3.833190
       1.165917        3.833190
       1.166848        3.833806
       1.167778        3.833806
       1.168709        3.834421
       1.169639        3.833806
       1.170570        3.834421
       1.171500        3.834421
       1.172431        3.834421
       1.173361        3.835037
       1.174292        3.835037
       1.175222        3.835037
       1.176153        3.835653
       1.177083        3.835653
       1.178014        3.835037
       1.178944        3.836269
       1.179875        3.836269
       1.180805        3.836269
       1.181736        3.836269
       1.182666        3.836269
       1.183597        3.836885
       1.184527        3.836885
       1.185458        3.836885
       1.186388        3.837500
       1.187319        3.837500
       1.188249        3.838116
       1.189180        3.838116
       1.190110        3.838116
       1.191041        3.838116
       1.191971        3.838732
       1.192902        3.838732
       1.193832        3.838732
       1.194763        3.839348
       1.195693        3.839348
       1.196624        3.839963
       1.197554        3.839348
       1.198485        3.839963
       1.199415        3.839963
       1.200346        3.840579
       1.201276        3.840579
       1.202207        3.840579
       1.203137        3.840579
       1.204068        3.840579
       1.204998        3.841195
       1.205929        3.841195
       1.206859        3.841195
       1.207790        3.841195
       1.208720        3.841811
       1.209651        3.841811
       1.210581        3.841811
       1.211512        3.842427
       1.212442        3.842427
       1.213373        3.842427
       1.214303        3.842427
       1.215234        3.843042
       1.216164        3.843042
       1.217095        3.843658
       1.218025        3.843658
       1.218956        3.843658
       1.219886        3.843658
       1.220817        3.843658
       1.221747        3.844274
       1.222678        3.844274
       1.223608        3.844274
       1.224539        3.844890
       1.225469        3.844890
       1.226400        3.844890
       1.227330        3.845505
       1.228261        3.845505
       1.229191        3.845505
       1.230122        3.845505
       1.231052        3.846121
       1.231983        3.846121
       1.232913        3.846121
       1.233844        3.846121
       1.234774        3.846737
       1.235705        3.846737
       1.236635        3.847353
       1.237566        3.847353
       1.238496        3.847968
       1.239427        3.847968
       1.240357        3.847968
       1.241288        3.847968
       1.242218        3.847968
       1.243149        3.848584
       1.244079        3.848584
       1.245010        3.849200
       1.245940        3.849200
       1.246871        3.849200
       1.247801        3.849200
       1.248732        3.849816
       1.249662        3.849816
       1.250593        3.850432
       1.251523        3.850432
       1.252454        3.850432
       1.253384        3.850432
       1.254315        3.850432
       1.255245        3.851047
       1.256176        3.851047
       1.257106        3.851047
       1.258037        3.851663
       1.258967        3.851663
       1.259898        3.851663
       1.260828        3.852279
       1.261759        3.852279
       1.262689        3.852279
       1.263620        3.852895
       1.264550        3.852895
       1.265481        3.852895
       1.266411        3.852895
       1.267342        3.853510
       1.268272        3.853510
       1.269203        3.853510
       1.270133        3.853510
       1.271064        3.854126
       1.271994        3.854126
       1.272925        3.854126
       1.273855        3.854742
       1.274786        3.854742
       1.275716        3.854742
       1.276647        3.855358
       1.277577        3.855358
       1.278508        3.855358
       1.279438        3.855358
       1.280369        3.855974
       1.281299        3.855974
       1.282230        3.856589
       1.283160        3.856589
       1.284091        3.856589
       1.285021        3.856589
       1.285952        3.856589
       1.286882        3.857205
       1.287813        3.857205
       1.288743        3.857205
       1.289674        3.857205
       1.290604        3.857821
       1.291535        3.858437
       1.292465        3.858437
       1.293396        3.858437
       1.294326        3.858437
       1.295257        3.859052
       1.296187        3.859052
       1.297118        3.859052
       1.298048        3.859668
       1.298979        3.859668
       1.299909        3.859668
       1.300840        3.860284
       1.301770        3.860284
       1.302701        3.860284
       1.303631        3.860284
       1.304562        3.860900
       1.305492        3.860900
       1.306423        3.860900
       1.307353        3.860900
       1.308284        3.860900
       1.309214        3.861515
       1.310145        3.861515
       1.311075        3.862131
       1.312006        3.862131
       1.312936        3.862131
       1.313867        3.862131
       1.314797        3.862747
       1.315728        3.862747
       1.316658        3.862747
       1.317589        3.863363
       1.318519        3.863363
       1.319450        3.863363
       1.320380        3.863979
       1.321311        3.863979
       1.322241        3.863979
       1.323172        3.864594
       1.324102        3.864594
       1.325033        3.864594
       1.325963        3.864594
       1.326894        3.865210
       1.327824        3.865210
       1.328755        3.865826
       1.329685        3.865826
       1.330616        3.865826
       1.331546        3.865826
       1.332477        3.865826
       1.333407        3.866442
       1.334338        3.866442
       1.335268        3.866442
       1.336199        3.867057
       1.337129        3.867057
       1.338060        3.867673
       1.338990        3.867673
       1.339921        3.867673
       1.340851        3.868289
       1.341782        3.868289
       1.342712        3.868289
       1.343643        3.868905
       1.344573        3.868289
       1.345504        3.868905
       1.346434        3.868905
       1.347365        3.868905
       1.348295        3.869521
       1.349226        3.869521
       1.350156        3.869521
       1.351087        3.870136
       1.352017        3.870136
       1.352948        3.870136
       1.353878        3.870752
       1.354809        3.870752
       1.355739        3.870752
       1.356670        3.871368
       1.357600        3.871368
       1.358531        3.871368
       1.359461        3.871984
       1.360392        3.871984
       1.361322        3.871984
       1.362253        3.871984
       1.363183        3.872599
       1.364114        3.872599
       1.365044        3.872599
       1.365975        3.872599
       1.366905        3.873215
       1.367836        3.873215
       1.368766        3.873831
       1.369697        3.873831
       1.370627        3.873831
       1.371558        3.873831
       1.372488        3.873831
       1.373419        3.874447
       1.374349        3.874447
       1.375280        3.874447
       1.376210        3.875062
       1.377141        3.875062
       1.378071        3.875062
       1.379002        3.875678
       1.379932        3.875678
       1.380863        3.875678
       1.381793        3.875678
       1.382724        3.876294
       1.383654        3.876294
       1.384585        3.876910
       1.385515        3.876910
       1.386446        3.876910
       1.387376        3.876910
       1.388307        3.877526
       1.389237        3.877526
       1.390168        3.878141
       1.391098        3.878141
       1.392029        3.878757
       1.392959        3.878757
       1.393890        3.878757
       1.394820        3.879373
       1.395751        3.879373
       1.396681        3.879373
       1.397612        3.879373
       1.398542        3.879373
       1.399473        3.879989
       1.400403        3.879989
       1.401334        3.879989
       1.402264        3.880604
       1.403195        3.880604
       1.404125        3.880604
       1.405056        3.880604
       1.405986        3.881220
       1.406917        3.881220
       1.407847        3.881220
       1.408778        3.881836
       1.409708        3.881836
       1.410639        3.881836
       1.411569        3.882452
       1.412500        3.883068
       1.413430        3.882452
       1.414361        3.883068
       1.415291        3.883068
       1.416222        3.883683
       1.417152        3.883068
       1.418083        3.883683
       1.419013        3.883683
       1.419944        3.884299
       1.420875        3.884299
       1.421805        3.884299
       1.422736        3.884299
       1.423666        3.884915
       1.424597        3.884915
       1.425527        3.884915
       1.426458        3.884915
       1.427388        3.885531
       1.428319        3.885531
       1.429249        3.886146
       1.430180        3.886146
       1.431110        3.886146
       1.432041        3.886146
       1.432971        3.886762
       1.433902        3.887378
       1.434832        3.887378
       1.435763        3.887378
       1.436693        3.887994
       1.437624        3.887994
       1.438554        3.887994
       1.439485        3.887994
       1.440415        3.888610
       1.441346        3.888610
       1.442276        3.889225
       1.443207        3.889225
       1.444137        3.889225
       1.445068        3.889841
       1.445998        3.889841
       1.446929        3.889841
       1.447859        3.889841
       1.448790        3.890457
       1.449720        3.890457
       1.450651        3.890457
       1.451581        3.891073
       1.452512        3.891073
       1.453442        3.891073
       1.454373        3.891688
       1.455303        3.891688
       1.456234        3.891688
       1.457164        3.891688
       1.458095        3.892304
       1.459025        3.892304
       1.459956        3.892920
       1.460886        3.892920
       1.461817        3.892920
       1.462747        3.893536
       1.463678        3.893536
       1.464608        3.893536
       1.465539        3.893536
       1.466469        3.894151
       1.467400        3.894767
       1.468330        3.894767
       1.469261        3.894767
       1.470191        3.894767
       1.471122        3.895383
       1.472052        3.895383
       1.472983        3.895383
       1.473913        3.895383
       1.474844        3.895999
       1.475774        3.895999
       1.476705        3.896615
       1.477635        3.896615
       1.478566        3.896615
       1.479496        3.897230
       1.480427        3.897230
       1.481357        3.897230
       1.482288        3.897846
       1.483218        3.897846
       1.484149        3.897846
       1.485079        3.898462
       1.486010        3.898462
       1.486940        3.898462
       1.487871        3.899078
       1.488801        3.899078
       1.489732        3.899078
       1.490662        3.899693
       1.491593        3.899693
       1.492523        3.899693
       1.493454        3.900309
       1.494384        3.900309
       1.495315        3.900309
       1.496245        3.900925
       1.497176        3.900925
       1.498106        3.900925
       1.499037        3.901541
       1.499967        3.901541
       1.500898        3.901541
       1.501828        3.902157
       1.502759        3.902157
       1.503689        3.902157
       1.504620        3.902772
       1.505550        3.902772
       1.506481        3.902772
       1.507411        3.903388
       1.508342        3.903388
       1.509272        3.903388
       1.510203        3.904004
       1.511133        3.904004
       1.512064        3.904004
       1.512994        3.904620
       1.513925        3.904620
       1.514855        3.904620
       1.515786        3.904620
       1.516716        3.905235
       1.517647        3.905235
       1.518577        3.905851
       1.519508        3.905851
       1.520438        3.905851
       1.521369        3.906467
       1.522299        3.907083
       1.523230        3.906467
       1.524160        3.907083
       1.525091        3.907698
       1.526021        3.907698
       1.526952        3.907698
       1.527882        3.907698
       1.528813        3.908314
       1.529743        3.908314
       1.530674        3.908930
       1.531604        3.908930
       1.532535        3.908930
       1.533465        3.909546
       1.534396        3.909546
       1.535326        3.909546
       1.536257        3.910162
       1.537187        3.910162
       1.538118        3.910162
       1.539048        3.910777
       1.539979        3.910777
       1.540909        3.910777
       1.541840        3.911393
       1.542770        3.911393
       1.543701        3.911393
       1.544631        3.912009
       1.545562        3.912009
       1.546492        3.912009
       1.547423        3.912625
       1.548353        3.912625
       1.549284        3.913240
       1.550214        3.912625
       1.551145        3.913240
       1.552075        3.913856
       1.553006        3.913856
       1.553936        3.913856
       1.554867        3.913856
       1.555797        3.914472
       1.556728        3.914472
       1.557658        3.914472
       1.558589        3.915088
       1.559519        3.915088
       1.560450        3.915088
       1.561380        3.915704
       1.562311        3.916319
       1.563241        3.916319
       1.564172        3.916319
       1.565102        3.916319
       1.566033        3.916935
       1.566963        3.916935
       1.567894        3.917551
       1.568824        3.917551
       1.569755        3.917551
       1.570685        3.918167
       1.571616        3.918167
       1.572546        3.918167
       1.573477        3.918782
       1.574407        3.918782
       1.575338        3.919398
       1.576268        3.919398
       1.577199        3.919398
       1.578129        3.919398
       1.579060        3.920014
       1.579990        3.920014
       1.580921        3.920014
       1.581851        3.920630
       1.582782        3.920630
       1.583712        3.920630
       1.584643        3.921246
       1.585573        3.921861
       1.586504        3.921861
       1.587434        3.921861
       1.588365        3.921861
       1.589295        3.922477
       1.590226        3.922477
       1.591156        3.923093
       1.592087        3.923093
       1.593017        3.923093
       1.593948        3.923709
       1.594878        3.923709
       1.595809        3.924324
       1.596739        3.924324
       1.597670        3.924324
       1.598600        3.924940
       1.599531        3.924940
       1.600461        3.924940
       1.601392        3.924940
       1.602322        3.925556
       1.603253        3.926172
       1.604183        3.926172
       1.605114        3.926787
       1.606044        3.926787
       1.606975        3.927403
       1.607905        3.927403
       1.608836        3.927403
       1.609766        3.928019
       1.610697        3.928019
       1.611627        3.928635
       1.612558        3.928635
       1.613488        3.928635
       1.614419        3.929251
       1.615349        3.929251
       1.616280        3.929251
       1.617210        3.929866
       1.618141        3.929866
       1.619071        3.929866
       1.620002        3.929866
       1.620932        3.930482
       1.621863        3.931098
       1.622793        3.930482
       1.623724        3.931098
       1.624654        3.931714
       1.625585        3.931714
       1.626515        3.931714
       1.627446        3.931714
       1.628376        3.932329
       1.629307        3.932329
       1.630237        3.932945
       1.631168        3.932945
       1.632098        3.933561
       1.633029        3.933561
       1.633959        3.933561
       1.634890        3.934177
       1.635820        3.934177
       1.636751        3.934177
       1.637681        3.934793
       1.638612        3.934793
       1.639542        3.934793
       1.640473        3.934793
       1.641403        3.935408
       1.642334        3.936024
       1.643264        3.936024
       1.644195        3.936024
       1.645125        3.936640
       1.646056        3.936640
       1.646986        3.937256
       1.647917        3.937256
       1.648847        3.937256
       1.649778        3.937871
       1.650708        3.937871
       1.651639        3.937871
       1.652569        3.938487
       1.653500        3.939103
       1.654430        3.939103
       1.655361        3.939103
       1.656291        3.939719
       1.657222        3.939719
       1.658152        3.940334
       1.659083        3.940334
       1.660013        3.940334
       1.660944        3.940950
       1.661874        3.940950
       1.662805        3.941566
       1.663735        3.941566
       1.664666        3.941566
       1.665596        3.942182
       1.666527        3.942182
       1.667457        3.942798
       1.668388        3.942798
       1.669318        3.942798
       1.670249        3.942798
       1.671179        3.943413
       1.672110        3.943413
       1.673040        3.943413
       1.673971        3.944645
       1.674901        3.944029
       1.675832        3.944645
       1.676762        3.944645
       1.677693        3.945261
       1.678623        3.945261
       1.679554        3.945876
       1.680484        3.945876
       1.681415        3.945876
       1.682345        3.946492
       1.683276        3.946492
       1.684206        3.947108
       1.685137        3.947724
       1.686067        3.947724
       1.686998        3.947724
       1.687928        3.947724
       1.688859        3.948340
       1.689789        3.948340
       1.690720        3.948955
       1.691650        3.948955
       1.692581        3.949571
       1.693511        3.949571
       1.694442        3.950187
       1.695372        3.950187
       1.696303        3.950803
       1.697233        3.950803
       1.698164        3.950803
       1.699094        3.951418
       1.700025        3.951418
       1.700955        3.951418
       1.701886        3.952034
       1.702816        3.952034
       1.703747        3.952650
       1.704677        3.952650
       1.705608        3.952650
       1.706538        3.953266
       1.707469        3.953266
       1.708399        3.953882
       1.709330        3.953882
       1.710260        3.953882
       1.711191        3.954497
       1.712121        3.954497
       1.713052        3.955113
       1.713982        3.955113
       1.714913        3.955729
       1.715843        3.955113
       1.716774        3.955729
       1.717704        3.956345
       1.718635        3.956345
       1.719565        3.956960
       1.720496        3.957576
       1.721426        3.957576
       1.722357        3.957576
       1.723287        3.958192
       1.724218        3.958192
       1.725148        3.958192
       1.726079        3.958192
       1.727009        3.958808
       1.727940        3.959423
       1.728870        3.959423
       1.729801        3.959423
       1.730731        3.960039
       1.731662        3.960039
       1.732592        3.960655
       1.733523        3.960655
       1.734453        3.960655
       1.735384        3.961271
       1.736314        3.961271
       1.737245        3.961887
       1.738175        3.961887
       1.739106        3.962502
       1.740036        3.962502
       1.740967        3.962502
       1.741897        3.963118
       1.742828        3.963118
       1.743758        3.963734
       1.744689        3.963734
       1.745619        3.963734
       1.746550        3.964350
       1.747480        3.964965
       1.748411        3.964965
       1.749341        3.964965
       1.750272        3.965581
       1.751202        3.966197
       1.752133        3.966197
       1.753063        3.966813
       1.753994        3.966813
       1.754924        3.966813
       1.755855        3.967429
       1.756785        3.968044
       1.757716        3.968044
       1.758646        3.968044
       1.759577        3.968660
       1.760507        3.968660
       1.761438        3.969276
       1.762368        3.969276
       1.763299        3.969276
       1.764229        3.969892
       1.765160        3.969892
       1.766090        3.969892
       1.767021        3.970507
       1.767951        3.971123
       1.768882        3.971123
       1.769812        3.971739
       1.770743        3.971739
       1.771673        3.971739
       1.772604        3.972355
       1.773534        3.972355
       1.774465        3.972970
       1.775395        3.972970
       1.776326        3.972970
       1.777256        3.973586
       1.778187        3.973586
       1.779117        3.974202
       1.780048        3.974202
       1.780978        3.974818
       1.781909        3.974818
       1.782839        3.974818
       1.783770        3.975434
       1.784700        3.975434
       1.785631        3.976049
       1.786561        3.976049
       1.787492        3.976665
       1.788422        3.976665
       1.789353        3.977281
       1.790283        3.977897
       1.791214        3.977897
       1.792144        3.977897
       1.793075        3.978512
       1.794005        3.978512
       1.794936        3.979128
       1.795866        3.979128
       1.796797        3.979128
       1.797727        3.979744
       1.798658        3.979744
       1.799588        3.979744
       1.800519        3.980360
       1.801449        3.980360
       1.802380        3.980976
       1.803310        3.980976
       1.804241        3.981591
       1.805171        3.981591
       1.806102        3.982207
       1.807032        3.982207
       1.807963        3.982207
       1.808893        3.982823
       1.809824        3.983439
       1.810754        3.983439
       1.811685        3.983439
       1.812615        3.984054
       1.813546        3.984054
       1.814476        3.984670
       1.815407        3.985286
       1.816337        3.985286
       1.817268        3.985902
       1.818198        3.985902
       1.819129        3.986517
       1.820059        3.986517
       1.820990        3.987133
       1.821920        3.987133
       1.822851        3.987749
       1.823781        3.987749
       1.824712        3.987749
       1.825642        3.988365
       1.826573        3.988365
       1.827503        3.988981
       1.828434        3.988981
       1.829364        3.989596
       1.830295        3.989596
       1.831225        3.990212
       1.832156        3.990212
       1.833086        3.990212
       1.834017        3.990828
       1.834947        3.990828
       1.835878        3.991444
       1.836808        3.991444
       1.837739        3.992059
       1.838669        3.992059
       1.839600        3.992675
       1.840530        3.992675
       1.841461        3.993291
       1.842391        3.993291
       1.843322        3.993907
       1.844252        3.993907
       1.845183        3.994523
       1.846113        3.994523
       1.847044        3.995138
       1.847974        3.995138
       1.848905        3.995754
       1.849835        3.995754
       1.850766        3.996370
       1.851696        3.996370
       1.852627        3.996370
       1.853557        3.996986
       1.854488        3.997601
       1.855418        3.997601
       1.856349        3.998217
       1.857279        3.998217
       1.858210        3.998833
       1.859140        3.998833
       1.860071        3.999449
       1.861001        3.999449
       1.861932        3.999449
       1.862862        3.999449
       1.863793        4.000065
       1.864723        4.000680
       1.865654        4.000680
       1.866584        4.001296
       1.867515        4.001296
       1.868445        4.001296
       1.869376        4.001912
       1.870306        4.001912
       1.871237        4.002528
       1.872167        4.003143
       1.873098        4.003143
       1.874028        4.003759
       1.874959        4.003759
       1.875889        4.003759
       1.876820        4.004375
       1.877750        4.004991
       1.878681        4.005606
       1.879611        4.005606
       1.880542        4.006222
       1.881472        4.006838
       1.882403        4.006222
       1.883333        4.006838
       1.884264        4.006838
       1.885194        4.007454
       1.886125        4.007454
       1.887055        4.008070
       1.887986        4.008685
       1.888916        4.008685
       1.889847        4.008685
       1.890777        4.009301
       1.891708        4.009301
       1.892638        4.009917
       1.893569        4.009917
       1.894499        4.009917
       1.895430        4.010533
       1.896360        4.010533
       1.897291        4.011148
       1.898221        4.011764
       1.899152        4.011764
       1.900082        4.012380
       1.901013        4.012380
       1.901943        4.012996
       1.902874        4.012996
       1.903804        4.013612
       1.904735        4.013612
       1.905665        4.013612
       1.906596        4.014227
       1.907526        4.014227
       1.908457        4.014843
       1.909387        4.015459
       1.910318        4.016075
       1.911248        4.015459
       1.912179        4.016075
       1.913109        4.016690
       1.914040        4.016690
       1.914970        4.017306
       1.915901        4.017306
       1.916831        4.017922
       1.917762        4.017922
       1.918692        4.017922
       1.919623        4.018538
       1.920553        4.018538
       1.921484        4.019153
       1.922414        4.019769
       1.923345        4.019769
       1.924275        4.019769
       1.925206        4.020385
       1.926136        4.020385
       1.927067        4.021001
       1.927997        4.021001
       1.928928        4.021617
       1.929858        4.022232
       1.930789        4.022232
       1.931719        4.022232
       1.932650        4.022848
       1.933580        4.023464
       1.934511        4.022848
       1.935441        4.024080
       1.936372        4.024080
       1.937302        4.024080
       1.938233        4.024695
       1.939163        4.024695
       1.940094        4.025311
       1.941024        4.025927
       1.941955        4.025927
       1.942885        4.025927
       1.943816        4.026543
       1.944746        4.026543
       1.945677        4.027159
       1.946607        4.027774
       1.947538        4.027774
       1.948468        4.027774
       1.949399        4.028390
       1.950329        4.028390
       1.951260        4.029006
       1.952190        4.029006
       1.953121        4.029622
       1.954051        4.029622
       1.954982        4.030237
       1.955912        4.030237
       1.956843        4.030853
       1.957773        4.031469
       1.958704        4.031469
       1.959634        4.031469
       1.960565        4.032085
       1.961495        4.032085
       1.962426        4.032701
       1.963356        4.032701
       1.964287        4.033316
       1.965217        4.033932
       1.966148        4.033932
       1.967078        4.033932
       1.968009        4.034548
       1.968939        4.034548
       1.969870        4.035164
       1.970800        4.035779
       1.971731        4.035779
       1.972661        4.036395
       1.973592        4.036395
       1.974522        4.037011
       1.975453        4.037011
       1.976383        4.037011
       1.977314        4.037627
       1.978244        4.037627
       1.979175        4.038242
       1.980105        4.038242
       1.981036        4.038858
       1.981966        4.038858
       1.982897        4.039474
       1.983827        4.039474
       1.984758        4.040090
       1.985688        4.040090
       1.986619        4.040706
       1.987549        4.040706
       1.988480        4.041321
       1.989410        4.041321
       1.990341        4.041937
       1.991271        4.041937
       1.992202        4.042553
       1.993132        4.042553
       1.994063        4.043169
       1.994993        4.043169
       1.995924        4.043784
       1.996854        4.043784
       1.997785        4.044400
       1.998715        4.044400
       1.999646        4.045016
       2.000576        4.045632
       2.001507        4.045632
       2.002437        4.046248
       2.003368        4.046863
       2.004298        4.046248
       2.005229        4.046863
       2.006159        4.047479
       2.007090        4.047479
       2.008020        4.048095
       2.008951        4.048095
       2.009881        4.048711
       2.010812        4.048711
       2.011742        4.048711
       2.012673        4.049326
       2.013603        4.049942
       2.014534        4.049942
       2.015464        4.049942
       2.016395        4.050558
       2.017325        4.051174
       2.018256        4.051174
       2.019186        4.051174
       2.020117        4.051789
       2.021047        4.051789
       2.021978        4.052405
       2.022908        4.053021
       2.023839        4.053021
       2.024769        4.053637
       2.025700        4.053637
       2.026630        4.054253
       2.027561        4.054253
       2.028491        4.054253
       2.029422        4.054868
       2.030352        4.055484
       2.031283        4.055484
       2.032213        4.056100
       2.033144        4.056100
       2.034074        4.056716
       2.035005        4.056716
       2.035935        4.057331
       2.036866        4.057331
       2.037796        4.057947
       2.038727        4.057947
       2.039657        4.058563
       2.040588        4.058563
       2.041518        4.059179
       2.042449        4.059179
       2.043379        4.059795
       2.044310        4.059795
       2.045240        4.060410
       2.046171        4.060410
       2.047101        4.060410
       2.048032        4.061026
       2.048962        4.061642
       2.049893        4.061642
       2.050823        4.061642
       2.051754        4.061642
       2.052684        4.062258
       2.053615        4.062873
       2.054545        4.063489
       2.055476        4.063489
       2.056406        4.064105
       2.057337        4.064105
       2.058267        4.064721
       2.059198        4.064721
       2.060128        4.065337
       2.061059        4.065952
       2.061989        4.065952
       2.062920        4.066568
       2.063850        4.065952
       2.064781        4.066568
       2.065711        4.067184
       2.066642        4.067184
       2.067572        4.067800
       2.068503        4.067800
       2.069433        4.068415
       2.070364        4.069031
       2.071294        4.069031
       2.072225        4.069031
       2.073155        4.069031
       2.074086        4.069647
       2.075016        4.070263
       2.075947        4.070263
       2.076877        4.070878
       2.077808        4.070878
       2.078738        4.070878
       2.079669        4.071494
       2.080599        4.071494
       2.081530        4.072110
       2.082460        4.072110
       2.083391        4.072726
       2.084321        4.072726
       2.085252        4.073342
       2.086182        4.073957
       2.087113        4.073957
       2.088043        4.074573
       2.088974        4.074573
       2.089904        4.074573
       2.090835        4.075189
       2.091765        4.075805
       2.092696        4.076420
       2.093626        4.076420
       2.094557        4.076420
       2.095487        4.077036
       2.096418        4.077036
       2.097348        4.077036
       2.098279        4.077036
       2.099209        4.078268
       2.100140        4.078268
       2.101070        4.078268
       2.102001        4.078884
       2.102931        4.078884
       2.103862        4.079499
       2.104792        4.079499
       2.105723        4.080115
       2.106653        4.080115
       2.107584        4.080731
       2.108514        4.080731
       2.109445        4.081347
       2.110375        4.081347
       2.111306        4.081962
       2.112236        4.082578
       2.113167        4.082578
       2.114097        4.082578
       2.115028        4.082578
       2.115958        4.083194
       2.116889        4.083810
       2.117819        4.083810
       2.118750        4.084425
       2.119680        4.085041
       2.120611        4.085041
       2.121541        4.085657
       2.122472        4.085657
       2.123402        4.086273
       2.124333        4.086273
       2.125263        4.086273
       2.126194        4.086889
       2.127124        4.087504
       2.128055        4.087504
       2.128985        4.087504
       2.129916        4.088120
       2.130846        4.088120
       2.131777        4.088736
       2.132707        4.088736
       2.133638        4.089352
       2.134568        4.089352
       2.135499        4.089967
       2.136429        4.090583
       2.137360        4.090583
       2.138290        4.090583
       2.139221        4.090583
       2.140151        4.091199
       2.141082        4.091815
       2.142012        4.091815
       2.142943        4.092431
       2.143873        4.092431
       2.144804        4.092431
       2.145734        4.093046
       2.146665        4.093046
       2.147595        4.093662
       2.148526        4.094278
       2.149456        4.094278
       2.150387        4.094894
       2.151317        4.095509
       2.152248        4.095509
       2.153178        4.095509
       2.154109        4.095509
       2.155039        4.096125
       2.155970        4.096741
       2.156900        4.096741
       2.157831        4.097357
       2.158761        4.097357
       2.159692        4.097972
       2.160622        4.097972
       2.161553        4.098588
       2.162483        4.098588
       2.163414        4.098588
       2.164344        4.099204
       2.165275        4.099820
       2.166205        4.099820
       2.167136        4.099820
       2.168066        4.100436
       2.168997        4.100436
       2.169927        4.101051
       2.170858        4.101051
       2.171788        4.101667
       2.172719        4.101667
       2.173649        4.101667
       2.174580        4.102283
       2.175510        4.102283
       2.176441        4.102899
       2.177371        4.102899
       2.178302        4.103514
       2.179232        4.103514
       2.180163        4.104746
       2.181093        4.104746
       2.182024        4.104746
       2.182954        4.105362
       2.183885        4.105978
       2.184815        4.105362
       2.185746        4.105978
       2.186676        4.105978
       2.187607        4.106593
       2.188537        4.106593
       2.189468        4.107209
       2.190398        4.107825
       2.191329        4.107825
       2.192259        4.107825
       2.193190        4.108441
       2.194120        4.108441
       2.195051        4.109056
       2.195981        4.109056
       2.196912        4.109056
       2.197842        4.109672
       2.198773        4.109672
       2.199703        4.110288
       2.200634        4.110288
       2.201564        4.110904
       2.202495        4.110904
       2.203425        4.111520
       2.204356        4.111520
       2.205286        4.112135
       2.206217        4.112135
       2.207147        4.112751
       2.208078        4.112751
       2.209008        4.113367
       2.209939        4.113983
       2.210869        4.113983
       2.211800        4.114598
       2.212730        4.114598
       2.213661        4.115214
       2.214591        4.114598
       2.215522        4.115214
       2.216452        4.115830
       2.217383        4.115830
       2.218313        4.116446
       2.219244        4.116446
       2.220174        4.116446
       2.221105        4.117061
       2.222035        4.117677
       2.222966        4.117677
       2.223896        4.117677
       2.224827        4.118293
       2.225757        4.118293
       2.226688        4.118909
       2.227618        4.118909
       2.228549        4.119525
       2.229479        4.119525
       2.230410        4.120140
       2.231340        4.120140
       2.232271        4.120140
       2.233201        4.120756
       2.234132        4.121372
       2.235062        4.121372
       2.235993        4.121372
       2.236923        4.121988
       2.237854        4.121988
       2.238784        4.121988
       2.239715        4.123219
       2.240645        4.123219
       2.241576        4.123219
       2.242506        4.123835
       2.243437        4.123835
       2.244367        4.124451
       2.245298        4.124451
       2.246228        4.125067
       2.247159        4.125067
       2.248089        4.125067
       2.249020        4.125682
       2.249950        4.125682
       2.250881        4.126298
       2.251811        4.126914
       2.252742        4.126914
       2.253672        4.126914
       2.254603        4.126914
       2.255533        4.127530
       2.256464        4.128145
       2.257394        4.128145
       2.258325        4.128145
       2.259255        4.128761
       2.260186        4.128761
       2.261116        4.129377
       2.262047        4.129993
       2.262977        4.129993
       2.263908        4.129993
       2.264838        4.129993
       2.265769        4.130608
       2.266699        4.130608
       2.267630        4.131224
       2.268560        4.131224
       2.269491        4.131840
       2.270421        4.131840
       2.271352        4.132456
       2.272282        4.132456
       2.273213        4.133072
       2.274143        4.133072
       2.275074        4.133687
       2.276004        4.134303
       2.276935        4.133687
       2.277865        4.134303
       2.278796        4.134919
       2.279726        4.134919
       2.280657        4.134919
       2.281587        4.135535
       2.282518        4.135535
       2.283448        4.136150
       2.284379        4.136150
       2.285309        4.136766
       2.286240        4.136766
       2.287170        4.137382
       2.288101        4.137382
       2.289031        4.137998
       2.289962        4.137998
       2.290892        4.138614
       2.291823        4.137998
       2.292753        4.138614
       2.293684        4.138614
       2.294614        4.139229
       2.295545        4.139229
       2.296475        4.139845
       2.297406        4.139845
       2.298336        4.140461
       2.299267        4.140461
       2.300197        4.141077
       2.301128        4.141077
       2.302058        4.141692
       2.302989        4.141692
       2.303919        4.142308
       2.304850        4.142308
       2.305780        4.142308
       2.306711        4.142924
       2.307641        4.143540
       2.308572        4.143540
       2.309502        4.143540
       2.310433        4.144156
       2.311363        4.144156
       2.312294        4.144156
       2.313224        4.144771
       2.314155        4.144771
       2.315085        4.145387
       2.316016        4.145387
       2.316947        4.146003
       2.317877        4.146003
       2.318808        4.146619
       2.319738        4.146619
       2.320668        4.147234
       2.321599        4.146619
       2.322529        4.147234
       2.323460        4.147850
       2.324390        4.147850
       2.325321        4.147850
       2.326252        4.148466
       2.327182        4.149082
       2.328113        4.149082
       2.329043        4.149082
       2.329974        4.149082
       2.330904        4.149697
       2.331835        4.149697
       2.332765        4.150313
       2.333696        4.150929
       2.334626        4.150929
       2.335557        4.150929
       2.336487        4.150929
       2.337418        4.151545
       2.338348        4.151545
       2.339279        4.152161
       2.340209        4.152161
       2.341140        4.152776
       2.342070        4.152776
       2.343001        4.152776
       2.343931        4.153392
       2.344862        4.154008
       2.345792        4.154008
       2.346723        4.154008
       2.347653        4.154624
       2.348584        4.154624
       2.349514        4.155239
       2.350445        4.155239
       2.351375        4.155855
       2.352306        4.155855
       2.353236        4.155855
       2.354167        4.156471
       2.355097        4.156471
       2.356028        4.157087
       2.356958        4.157087
       2.357889        4.157087
       2.358819        4.157087
       2.359750        4.157703
       2.360680        4.158318
       2.361611        4.158318
       2.362541        4.158318
       2.363472        4.158934
       2.364402        4.158934
       2.365333        4.159550
       2.366263        4.159550
       2.367194        4.159550
       2.368124        4.160166
       2.369055        4.160166
       2.369985        4.160781
       2.370916        4.160781
       2.371846        4.160781
       2.372777        4.161397
       2.373707        4.161397
       2.374638        4.161397
       2.375568        4.162013
       2.376499        4.162629
       2.377429        4.162629
       2.378360        4.163244
       2.379290        4.163244
       2.380221        4.163860
       2.381151        4.163860
       2.382082        4.163860
       2.383012        4.164476
       2.383943        4.164476
       2.384873        4.164476
       2.385804        4.165092
       2.386734        4.165092
       2.387665        4.165092
       2.388595        4.165708
       2.389526        4.166323
       2.390456        4.166323
       2.391387        4.166323
       2.392317        4.166323
       2.393248        4.166939
       2.394178        4.167555
       2.395109        4.167555
       2.396039        4.168171
       2.396970        4.168171
       2.397900        4.168171
       2.398831        4.168786
       2.399761        4.168786
       2.400692        4.168786
       2.401622        4.169402
       2.402553        4.169402
       2.403483        4.169402
       2.404414        4.170018
       2.405344        4.170018
       2.406275        4.170018
       2.407205        4.170634
       2.408135        4.171250
       2.409066        4.171250
       2.409996        4.171250
       2.410927        4.171250
       2.411857        4.171865
       2.412788        4.172481
       2.413718        4.172481
       2.414649        4.173097
       2.415579        4.173097
       2.416510        4.173097
       2.417441        4.173713
       2.418371        4.173713
       2.419301        4.173713
       2.420232        4.174328
       2.421163        4.174328
       2.422093        4.174944
       2.423024        4.174944
       2.423954        4.174944
       2.424884        4.175560
       2.425815        4.175560
       2.426745        4.175560
       2.427676        4.176176
       2.428606        4.176176
       2.429537        4.176792
       2.430467        4.176792
       2.431398        4.177407
       2.432328        4.177407
       2.433259        4.177407
       2.434189        4.178023
       2.435120        4.178023
       2.436050        4.178023
       2.436981        4.178639
       2.437912        4.178639
       2.438842        4.179255
       2.439773        4.179255
       2.440703        4.179255
       2.441634        4.179870
       2.442564        4.179870
       2.443495        4.179870
       2.444425        4.180486
       2.445356        4.180486
       2.446286        4.181102
       2.447217        4.181102
       2.448147        4.181718
       2.449078        4.181718
       2.450008        4.181718
       2.450939        4.181718
       2.451869        4.182333
       2.452800        4.182333
       2.453730        4.182949
       2.454661        4.182949
       2.455591        4.183565
       2.456522        4.183565
       2.457452        4.184181
       2.458383        4.184181
       2.459313        4.184181
       2.460244        4.184797
       2.461174        4.184797
       2.462105        4.184797
       2.463035        4.185412
       2.463966        4.185412
       2.464896        4.186028
       2.465827        4.186028
       2.466757        4.186028
       2.467688        4.186644
       2.468618        4.187260
       2.469549        4.187260
       2.470479        4.187260
       2.471410        4.187875
       2.472340        4.187875
       2.473271        4.187875
       2.474201        4.187875
       2.475132        4.188491
       2.476062        4.188491
       2.476993        4.188491
       2.477923        4.189107
       2.478854        4.189723
       2.479784        4.189723
       2.480715        4.189723
       2.481645        4.189723
       2.482576        4.190339
       2.483506        4.190339
       2.484437        4.190339
       2.485367        4.190954
       2.486298        4.190954
       2.487228        4.190954
       2.488159        4.191570
       2.489089        4.192186
       2.490020        4.192186
       2.490950        4.192802
       2.491881        4.192186
       2.492811        4.192802
       2.493742        4.193417
       2.494672        4.193417
       2.495603        4.193417
       2.496533        4.194033
       2.497464        4.194649
       2.498394        4.194649
       2.499325        4.194649
       2.500255        4.194649
       2.501186        4.195265
       2.502116        4.195265
       2.503047        4.195880
       2.503977        4.195880
       2.504908        4.196496
       2.505838        4.196496
       2.506769        4.196496
       2.507699        4.197112
       2.508630        4.197112
       2.509560        4.197112
       2.510491        4.197728
       2.511421        4.197728
       2.512352        4.198344
       2.513282        4.198344
       2.514213        4.198344
       2.515143        4.198959
       2.516074        4.198959
       2.517004        4.198959
       2.517935        4.199575
       2.518865        4.199575
       2.519796        4.200191
       2.520726        4.200191
       2.521657        4.200191
       2.522587        4.200807
       2.522756        4.200807
       2.522759        4.200807
