       0.000000        2.882436
       0.000001        2.959407
       0.000002        2.965565
       0.000005        2.971107
       0.000009        2.977265
       0.000019        2.982191
       0.000032        2.987117
       0.000046        2.992043
       0.000066        2.996970
       0.000086        3.001896
       0.000115        3.006822
       0.000158        3.011748
       0.000222        3.016674
       0.000321        3.021600
       0.000485        3.026527
       0.000700        3.031453
       0.000959        3.036379
       0.001163        3.039458
       0.001458        3.044384
       0.001825        3.049310
       0.002235        3.054236
       0.002326        3.055468
       0.002702        3.060394
       0.003183        3.065320
       0.003489        3.068399
       0.003906        3.073325
       0.004415        3.078252
       0.004652        3.080715
       0.005181        3.085641
       0.005678        3.090567
       0.005815        3.091799
       0.006370        3.096725
       0.006909        3.101651
       0.006978        3.101651
       0.007510        3.106577
       0.008089        3.111503
       0.008141        3.111503
       0.008703        3.116430
       0.009304        3.120740
       0.009909        3.125666
       0.010467        3.129977
       0.011183        3.134903
       0.011630        3.137982
       0.012317        3.142908
       0.012793        3.145987
       0.013480        3.150913
       0.013956        3.153376
       0.014679        3.158302
       0.015119        3.160765
       0.015931        3.165691
       0.016281        3.167539
       0.017097        3.172465
       0.017444        3.173697
       0.018169        3.178623
       0.018607        3.180470
       0.019512        3.185396
       0.019770        3.186628
       0.020681        3.191554
       0.020933        3.192170
       0.021856        3.197096
       0.022096        3.198327
       0.023157        3.203254
       0.023259        3.203254
       0.024185        3.208180
       0.024422        3.208796
       0.025525        3.213722
       0.025585        3.213722
       0.026587        3.218648
       0.026748        3.218648
       0.027876        3.223574
       0.027911        3.223574
       0.029058        3.228500
       0.029074        3.227885
       0.030183        3.232811
       0.030237        3.232195
       0.031307        3.237121
       0.031400        3.237121
       0.032562        3.240816
       0.033702        3.245742
       0.033725        3.245126
       0.034888        3.249437
       0.036051        3.253131
       0.037214        3.257442
       0.038377        3.261136
       0.039540        3.264215
       0.040703        3.268526
       0.041866        3.271604
       0.043029        3.275299
       0.044192        3.278378
       0.045355        3.282073
       0.046518        3.285152
       0.047680        3.288230
       0.048843        3.291309
       0.050006        3.294388
       0.051169        3.297467
       0.052332        3.300546
       0.053495        3.303625
       0.054658        3.306704
       0.055821        3.309167
       0.056984        3.312246
       0.058147        3.314709
       0.059310        3.317787
       0.060473        3.320251
       0.061636        3.322714
       0.062799        3.325177
       0.063962        3.328256
       0.065124        3.330719
       0.066287        3.333182
       0.067450        3.335645
       0.068613        3.338108
       0.069776        3.340571
       0.070939        3.342418
       0.072102        3.345497
       0.073265        3.347345
       0.074428        3.349808
       0.075591        3.351655
       0.076754        3.354118
       0.077917        3.356581
       0.079080        3.358429
       0.080243        3.360276
       0.081405        3.362739
       0.082568        3.364586
       0.083731        3.367049
       0.084894        3.368897
       0.086057        3.370744
       0.087220        3.373207
       0.088383        3.375054
       0.089546        3.376902
       0.090709        3.378749
       0.091872        3.380596
       0.093035        3.382444
       0.094198        3.384907
       0.095361        3.386754
       0.096524        3.387986
       0.097686        3.389833
       0.098849        3.391065
       0.100012        3.393528
       0.101175        3.395375
       0.102338        3.397222
       0.103501        3.398454
       0.104664        3.400301
       0.105827        3.402148
       0.106990        3.403996
       0.108153        3.405227
       0.109316        3.407075
       0.110479        3.408306
       0.111642        3.410154
       0.112805        3.411385
       0.113967        3.413232
       0.115130        3.415080
       0.116293        3.416311
       0.117456        3.417543
       0.118619        3.418774
       0.119782        3.420622
       0.120945        3.421853
       0.122108        3.423085
       0.123271        3.424932
       0.124434        3.426164
       0.125597        3.427395
       0.126760        3.428627
       0.127923        3.429858
       0.129085        3.431090
       0.130248        3.432321
       0.131411        3.433553
       0.132574        3.434784
       0.133737        3.436016
       0.134900        3.437248
       0.136063        3.438479
       0.137226        3.439711
       0.138389        3.440942
       0.139552        3.441558
       0.140715        3.442790
       0.141878        3.444021
       0.143041        3.444637
       0.144204        3.446484
       0.145366        3.447100
       0.146529        3.448331
       0.147692        3.448947
       0.148855        3.450179
       0.150018        3.450795
       0.151181        3.452026
       0.152344        3.452642
       0.153507        3.453873
       0.154670        3.454489
       0.155833        3.455721
       0.156996        3.456337
       0.158159        3.456952
       0.159322        3.458184
       0.160485        3.458800
       0.161647        3.459415
       0.162810        3.460647
       0.163973        3.461263
       0.165136        3.461878
       0.166299        3.462494
       0.167462        3.463726
       0.168625        3.464342
       0.169788        3.464957
       0.170951        3.466189
       0.172114        3.466805
       0.173277        3.466805
       0.174440        3.467420
       0.175603        3.468652
       0.176766        3.469268
       0.177928        3.469884
       0.179091        3.470499
       0.180254        3.470499
       0.181417        3.471731
       0.182580        3.472347
       0.183743        3.472962
       0.184906        3.473578
       0.186069        3.474194
       0.187232        3.475426
       0.188395        3.475426
       0.189558        3.476041
       0.190721        3.477273
       0.191884        3.477273
       0.193047        3.477889
       0.194209        3.478504
       0.195372        3.479120
       0.196535        3.479736
       0.197698        3.480352
       0.198861        3.480352
       0.200024        3.481583
       0.201187        3.481583
       0.202350        3.482815
       0.203513        3.483431
       0.204676        3.483431
       0.205839        3.484046
       0.207002        3.484662
       0.208165        3.485278
       0.209327        3.485894
       0.210490        3.486509
       0.211653        3.487125
       0.212816        3.487125
       0.213979        3.487741
       0.215142        3.488357
       0.216305        3.488357
       0.217468        3.488973
       0.218631        3.489588
       0.219794        3.490820
       0.220957        3.490820
       0.222120        3.491436
       0.223283        3.492051
       0.224446        3.492051
       0.225608        3.493283
       0.226771        3.493899
       0.227934        3.494514
       0.229097        3.494514
       0.230260        3.495130
       0.231423        3.495130
       0.232586        3.496362
       0.233749        3.496362
       0.234912        3.496978
       0.236075        3.497593
       0.237238        3.498209
       0.238401        3.498209
       0.239564        3.498209
       0.240727        3.499441
       0.241889        3.500056
       0.243052        3.500672
       0.244215        3.500672
       0.245378        3.501288
       0.246541        3.501288
       0.247704        3.501904
       0.248867        3.502520
       0.250030        3.503135
       0.251193        3.503751
       0.252356        3.503751
       0.253519        3.504367
       0.254682        3.504367
       0.255845        3.504983
       0.257008        3.505598
       0.258170        3.505598
       0.259333        3.505598
       0.260496        3.506214
       0.261659        3.506830
       0.262822        3.506830
       0.263985        3.507446
       0.265148        3.507446
       0.266311        3.508062
       0.267474        3.508062
       0.268637        3.508677
       0.269800        3.508677
       0.270963        3.509293
       0.272126        3.509909
       0.273289        3.509909
       0.274451        3.509909
       0.275614        3.510525
       0.276777        3.511140
       0.277940        3.511140
       0.279103        3.511140
       0.280266        3.511756
       0.281429        3.512372
       0.282592        3.512372
       0.283755        3.512372
       0.284918        3.512988
       0.286081        3.513603
       0.287244        3.513603
       0.288407        3.513603
       0.289570        3.514219
       0.290732        3.514219
       0.291895        3.514835
       0.293058        3.515451
       0.294221        3.515451
       0.295384        3.515451
       0.296547        3.516067
       0.297710        3.516067
       0.298873        3.516067
       0.300036        3.516682
       0.301199        3.516682
       0.302362        3.517298
       0.303525        3.517298
       0.304688        3.517298
       0.305850        3.517914
       0.307013        3.518530
       0.308176        3.518530
       0.309339        3.518530
       0.310502        3.519145
       0.311665        3.519145
       0.312828        3.519145
       0.313991        3.519761
       0.315154        3.520377
       0.316317        3.520377
       0.317480        3.520993
       0.318643        3.520993
       0.319806        3.520993
       0.320968        3.521609
       0.322131        3.522224
       0.323294        3.522224
       0.324457        3.522224
       0.325620        3.522224
       0.326783        3.523456
       0.327946        3.523456
       0.329109        3.523456
       0.330272        3.524072
       0.331435        3.524072
       0.332598        3.524687
       0.333761        3.524687
       0.334924        3.525303
       0.336087        3.525303
       0.337249        3.525919
       0.338412        3.525303
       0.339575        3.525919
       0.340738        3.526535
       0.341901        3.526535
       0.343064        3.527150
       0.344227        3.527150
       0.345390        3.527766
       0.346553        3.527766
       0.347716        3.527766
       0.348879        3.528382
       0.350042        3.528998
       0.351205        3.528998
       0.352368        3.529614
       0.353530        3.529614
       0.354693        3.530229
       0.355856        3.530229
       0.357019        3.530845
       0.358182        3.530845
       0.359345        3.530845
       0.360508        3.531461
       0.361671        3.532077
       0.362834        3.532077
       0.363997        3.532692
       0.365160        3.532692
       0.366323        3.533308
       0.367486        3.533308
       0.368648        3.533924
       0.369811        3.534540
       0.370974        3.534540
       0.372137        3.534540
       0.373300        3.535156
       0.374463        3.535156
       0.375626        3.535771
       0.376789        3.535771
       0.377952        3.536387
       0.379115        3.536387
       0.380278        3.537003
       0.381441        3.537003
       0.382604        3.537619
       0.383767        3.537619
       0.384929        3.538234
       0.386092        3.538234
       0.387255        3.538850
       0.388418        3.538850
       0.389581        3.539466
       0.390744        3.539466
       0.391907        3.540082
       0.393070        3.540082
       0.394233        3.540082
       0.395396        3.541313
       0.396559        3.540697
       0.397722        3.541313
       0.398885        3.541313
       0.400048        3.541929
       0.401210        3.542545
       0.402373        3.543161
       0.403536        3.543161
       0.404699        3.543161
       0.405862        3.543776
       0.407025        3.543776
       0.408188        3.543776
       0.409351        3.544392
       0.410514        3.545008
       0.411677        3.545624
       0.412840        3.545624
       0.414003        3.545624
       0.415166        3.546239
       0.416329        3.546239
       0.417491        3.546855
       0.418654        3.546855
       0.419817        3.547471
       0.420980        3.547471
       0.422143        3.548087
       0.423306        3.548087
       0.424469        3.548703
       0.425632        3.548703
       0.426795        3.548703
       0.427958        3.549318
       0.429121        3.549934
       0.430284        3.549934
       0.431447        3.550550
       0.432610        3.550550
       0.433772        3.551166
       0.434935        3.551166
       0.436098        3.551781
       0.437261        3.551781
       0.438424        3.551781
       0.439587        3.552397
       0.440750        3.553013
       0.441913        3.553629
       0.443076        3.553629
       0.444239        3.553629
       0.445402        3.554245
       0.446565        3.554245
       0.447728        3.554860
       0.448890        3.555476
       0.450053        3.555476
       0.451216        3.556092
       0.452379        3.556092
       0.453542        3.556092
       0.454705        3.556708
       0.455868        3.556708
       0.457031        3.557323
       0.458194        3.557323
       0.459357        3.557939
       0.460520        3.557939
       0.461683        3.558555
       0.462846        3.558555
       0.464008        3.559171
       0.465171        3.559171
       0.466334        3.559171
       0.467497        3.559786
       0.468660        3.560402
       0.469823        3.560402
       0.470986        3.561018
       0.472149        3.561018
       0.473312        3.561018
       0.474475        3.561634
       0.475638        3.562250
       0.476801        3.562865
       0.477964        3.562865
       0.479126        3.562865
       0.480289        3.563481
       0.481452        3.564097
       0.482615        3.564097
       0.483778        3.564713
       0.484941        3.564713
       0.486104        3.564713
       0.487267        3.565328
       0.488430        3.565944
       0.489593        3.565944
       0.490756        3.565944
       0.491919        3.566560
       0.493082        3.566560
       0.494245        3.567176
       0.495407        3.567176
       0.496570        3.567792
       0.497733        3.567792
       0.498896        3.567792
       0.500059        3.568407
       0.501222        3.569023
       0.502385        3.569023
       0.503548        3.569639
       0.504711        3.569639
       0.505874        3.570255
       0.507037        3.570255
       0.508200        3.570870
       0.509362        3.570870
       0.510525        3.571486
       0.511688        3.572102
       0.512851        3.572102
       0.514014        3.572718
       0.515177        3.572718
       0.516340        3.573333
       0.517503        3.573949
       0.518666        3.573949
       0.519829        3.573949
       0.520992        3.574565
       0.522155        3.574565
       0.523318        3.575181
       0.524481        3.575181
       0.525643        3.575797
       0.526806        3.575797
       0.527969        3.576412
       0.529132        3.576412
       0.530295        3.576412
       0.531458        3.577028
       0.532621        3.577644
       0.533784        3.577644
       0.534947        3.578260
       0.536110        3.578260
       0.537273        3.578260
       0.538436        3.578875
       0.539599        3.579491
       0.540762        3.579491
       0.541924        3.579491
       0.543087        3.580107
       0.544250        3.580107
       0.545413        3.581339
       0.546576        3.580723
       0.547739        3.581339
       0.548902        3.581954
       0.550065        3.582570
       0.551228        3.582570
       0.552391        3.583186
       0.553554        3.583186
       0.554717        3.583186
       0.555880        3.583802
       0.557042        3.584417
       0.558205        3.584417
       0.559368        3.584417
       0.560531        3.585033
       0.561694        3.585033
       0.562857        3.585033
       0.564020        3.585649
       0.565183        3.586265
       0.566346        3.586265
       0.567509        3.586881
       0.568672        3.586881
       0.569835        3.587496
       0.570998        3.587496
       0.572161        3.588112
       0.573323        3.588112
       0.574486        3.588728
       0.575649        3.588728
       0.576812        3.589344
       0.577975        3.589344
       0.579138        3.589959
       0.580301        3.590575
       0.581464        3.590575
       0.582627        3.591191
       0.583790        3.591191
       0.584953        3.591807
       0.586116        3.591807
       0.587279        3.592422
       0.588442        3.593038
       0.589604        3.593038
       0.590767        3.593038
       0.591930        3.593038
       0.593093        3.593654
       0.594256        3.594270
       0.595419        3.594270
       0.596582        3.594886
       0.597745        3.594886
       0.598908        3.595501
       0.600071        3.596117
       0.601234        3.596117
       0.602397        3.596117
       0.603560        3.596733
       0.604723        3.596733
       0.605885        3.597349
       0.607048        3.597349
       0.608211        3.597964
       0.609374        3.597964
       0.610537        3.598580
       0.611700        3.599196
       0.612863        3.599196
       0.614026        3.599196
       0.615189        3.599812
       0.616352        3.599812
       0.617515        3.600428
       0.618678        3.601043
       0.619841        3.601043
       0.621003        3.601659
       0.622166        3.602275
       0.623329        3.602275
       0.624492        3.602275
       0.625655        3.602891
       0.626818        3.603506
       0.627981        3.603506
       0.629144        3.604122
       0.630307        3.604738
       0.631470        3.604122
       0.632633        3.604738
       0.633796        3.605354
       0.634959        3.605354
       0.636122        3.605969
       0.637284        3.605969
       0.638447        3.606585
       0.639610        3.606585
       0.640773        3.607201
       0.641936        3.607201
       0.643099        3.607201
       0.644262        3.607817
       0.645425        3.608433
       0.646588        3.608433
       0.647751        3.609048
       0.648914        3.609664
       0.650077        3.609664
       0.651240        3.610280
       0.652403        3.610280
       0.653565        3.610896
       0.654728        3.610896
       0.655891        3.611511
       0.657054        3.612127
       0.658217        3.612127
       0.659380        3.612743
       0.660543        3.613359
       0.661706        3.613359
       0.662869        3.613359
       0.664032        3.613975
       0.665195        3.614590
       0.666358        3.614590
       0.667521        3.615206
       0.668683        3.615822
       0.669846        3.615822
       0.671009        3.615822
       0.672172        3.616438
       0.673335        3.616438
       0.674498        3.617053
       0.675661        3.617669
       0.676824        3.617669
       0.677987        3.618285
       0.679150        3.618285
       0.680313        3.618901
       0.681476        3.618901
       0.682639        3.618901
       0.683802        3.620132
       0.684964        3.620132
       0.686127        3.620132
       0.687290        3.620748
       0.688453        3.621364
       0.689616        3.621364
       0.690779        3.621980
       0.691942        3.622595
       0.693105        3.622595
       0.694268        3.622595
       0.695431        3.623211
       0.696594        3.623211
       0.697757        3.623827
       0.698920        3.624443
       0.700082        3.624443
       0.701245        3.625058
       0.702408        3.625058
       0.703571        3.625674
       0.704734        3.626290
       0.705897        3.626290
       0.707060        3.626290
       0.708223        3.626906
       0.709386        3.627522
       0.710549        3.627522
       0.711712        3.628137
       0.712875        3.628137
       0.714038        3.628753
       0.715201        3.628753
       0.716364        3.629369
       0.717526        3.629369
       0.718689        3.629985
       0.719852        3.630600
       0.721015        3.630600
       0.722178        3.631216
       0.723341        3.631832
       0.724504        3.631832
       0.725667        3.632448
       0.726830        3.632448
       0.727993        3.633064
       0.729156        3.633064
       0.730319        3.633679
       0.731482        3.633679
       0.732644        3.634295
       0.733807        3.634911
       0.734970        3.634911
       0.736133        3.635527
       0.737296        3.635527
       0.738459        3.636142
       0.739622        3.636142
       0.740785        3.636758
       0.741948        3.636758
       0.743111        3.637374
       0.744274        3.637374
       0.745437        3.637990
       0.746600        3.637990
       0.747762        3.638605
       0.748925        3.639221
       0.750088        3.639221
       0.751251        3.639837
       0.752414        3.639837
       0.753577        3.640453
       0.754740        3.640453
       0.755903        3.641069
       0.757066        3.641684
       0.758229        3.641684
       0.759392        3.642300
       0.760555        3.642916
       0.761718        3.642916
       0.762881        3.642916
       0.764043        3.643532
       0.765206        3.644147
       0.766369        3.644147
       0.767532        3.644763
       0.768695        3.644763
       0.769858        3.645379
       0.771021        3.645379
       0.772184        3.645995
       0.773347        3.645995
       0.774510        3.646611
       0.775673        3.646611
       0.776836        3.646611
       0.777999        3.647226
       0.779161        3.647842
       0.780324        3.647842
       0.781487        3.648458
       0.782650        3.648458
       0.783813        3.648458
       0.784976        3.649074
       0.786139        3.649689
       0.787302        3.649689
       0.788465        3.650305
       0.789628        3.650305
       0.790791        3.650921
       0.791954        3.650921
       0.793117        3.651537
       0.794280        3.652152
       0.795442        3.652152
       0.796605        3.652768
       0.797768        3.652768
       0.798931        3.653384
       0.800094        3.653384
       0.801257        3.654000
       0.802420        3.654000
       0.803583        3.654000
       0.804746        3.654616
       0.805909        3.655231
       0.807072        3.655231
       0.808235        3.655231
       0.809398        3.655847
       0.810561        3.655847
       0.811723        3.656463
       0.812886        3.656463
       0.814049        3.657079
       0.815212        3.657079
       0.816375        3.657079
       0.817538        3.657694
       0.818701        3.657694
       0.819864        3.658310
       0.821027        3.658310
       0.822190        3.658926
       0.823353        3.658926
       0.824516        3.659542
       0.825679        3.659542
       0.826841        3.660158
       0.828004        3.660158
       0.829167        3.660773
       0.830330        3.660773
       0.831493        3.661389
       0.832656        3.661389
       0.833819        3.662005
       0.834982        3.662621
       0.836145        3.662005
       0.837308        3.662621
       0.838471        3.662621
       0.839634        3.663236
       0.840797        3.663852
       0.841960        3.663852
       0.843122        3.664468
       0.844285        3.663852
       0.845448        3.664468
       0.846611        3.665084
       0.847774        3.665084
       0.848937        3.665084
       0.850100        3.665700
       0.851263        3.666315
       0.852426        3.666315
       0.853589        3.666315
       0.854752        3.666931
       0.855915        3.666931
       0.857078        3.666931
       0.858240        3.667547
       0.859403        3.667547
       0.860566        3.668163
       0.861729        3.668163
       0.862892        3.668163
       0.864055        3.668778
       0.865218        3.668778
       0.866381        3.668778
       0.867544        3.669394
       0.868707        3.670010
       0.869870        3.670010
       0.871033        3.670010
       0.872196        3.670626
       0.873359        3.670626
       0.874521        3.671241
       0.875684        3.671241
       0.876847        3.671241
       0.878010        3.671857
       0.879173        3.671857
       0.880336        3.672473
       0.881499        3.672473
       0.882662        3.673089
       0.883825        3.672473
       0.884988        3.673089
       0.886151        3.673705
       0.887314        3.673705
       0.888477        3.673705
       0.889640        3.674320
       0.890802        3.674320
       0.891965        3.674936
       0.893128        3.674320
       0.894291        3.674936
       0.895454        3.674936
       0.896617        3.675552
       0.897780        3.675552
       0.898943        3.675552
       0.900106        3.676168
       0.901269        3.676168
       0.902432        3.676783
       0.903595        3.676783
       0.904758        3.676783
       0.905921        3.677399
       0.907084        3.677399
       0.908246        3.677399
       0.909409        3.678015
       0.910572        3.678015
       0.911735        3.678631
       0.912898        3.678631
       0.914061        3.678631
       0.915224        3.678631
       0.916387        3.679247
       0.917550        3.679247
       0.918713        3.679862
       0.919876        3.679862
       0.921039        3.679862
       0.922202        3.680478
       0.923365        3.680478
       0.924527        3.681094
       0.925690        3.681094
       0.926853        3.681710
       0.928016        3.681710
       0.929179        3.681710
       0.930342        3.681710
       0.931505        3.682325
       0.932668        3.682325
       0.933831        3.682941
       0.934994        3.682941
       0.936157        3.682941
       0.937320        3.683557
       0.938483        3.683557
       0.939645        3.683557
       0.940808        3.684173
       0.941971        3.684173
       0.943134        3.684173
       0.944297        3.684788
       0.945460        3.684788
       0.946623        3.684788
       0.947786        3.685404
       0.948949        3.685404
       0.950112        3.686020
       0.951275        3.686020
       0.952438        3.686020
       0.953601        3.686020
       0.954763        3.686636
       0.955926        3.686636
       0.957089        3.686636
       0.958252        3.687252
       0.959415        3.687252
       0.960578        3.687252
       0.961741        3.687867
       0.962904        3.687867
       0.964067        3.688483
       0.965230        3.688483
       0.966393        3.688483
       0.967556        3.689099
       0.968719        3.689099
       0.969882        3.689099
       0.971044        3.689715
       0.972207        3.690330
       0.973370        3.690330
       0.974533        3.690330
       0.975696        3.690946
       0.976859        3.690946
       0.978022        3.690946
       0.979185        3.690946
       0.980348        3.691562
       0.981511        3.691562
       0.982674        3.692178
       0.983837        3.692178
       0.985000        3.692178
       0.986163        3.692178
       0.987325        3.692794
       0.988488        3.693409
       0.989651        3.692794
       0.990814        3.693409
       0.991977        3.693409
       0.993140        3.694025
       0.994303        3.694025
       0.995466        3.694025
       0.996629        3.694641
       0.997792        3.694641
       0.998955        3.694641
       1.000118        3.695257
       1.001281        3.695257
       1.002443        3.695872
       1.003606        3.695872
       1.004769        3.695872
       1.005932        3.695872
       1.007095        3.695872
       1.008258        3.696488
       1.009421        3.696488
       1.010584        3.697104
       1.011747        3.697104
       1.012910        3.697104
       1.014073        3.697720
       1.015236        3.697720
       1.016399        3.698336
       1.017562        3.697720
       1.018724        3.698336
       1.019887        3.698336
       1.021050        3.698951
       1.022213        3.698951
       1.023376        3.699567
       1.024539        3.700183
       1.025702        3.700183
       1.026865        3.700183
       1.028028        3.700183
       1.029191        3.700799
       1.030354        3.700799
       1.031517        3.700799
       1.032680        3.701414
       1.033842        3.701414
       1.035005        3.701414
       1.036168        3.701414
       1.037331        3.702030
       1.038494        3.702030
       1.039657        3.702646
       1.040820        3.702646
       1.041983        3.703262
       1.043146        3.702646
       1.044309        3.703262
       1.045472        3.703262
       1.046635        3.703877
       1.047798        3.703877
       1.048961        3.703877
       1.050123        3.704493
       1.051286        3.704493
       1.052449        3.704493
       1.053612        3.705109
       1.054775        3.705109
       1.055938        3.705725
       1.057101        3.705725
       1.058264        3.705725
       1.059427        3.705725
       1.060590        3.706341
       1.061753        3.706341
       1.062916        3.706956
       1.064079        3.706956
       1.065241        3.706956
       1.066404        3.707572
       1.067567        3.707572
       1.068730        3.707572
       1.069893        3.708188
       1.071056        3.708188
       1.072219        3.708188
       1.073382        3.708188
       1.074545        3.708804
       1.075708        3.708804
       1.076871        3.708804
       1.078034        3.709419
       1.079197        3.709419
       1.080360        3.710035
       1.081522        3.710035
       1.082685        3.710651
       1.083848        3.710651
       1.085011        3.710651
       1.086174        3.710651
       1.087337        3.711267
       1.088500        3.711267
       1.089663        3.711883
       1.090826        3.711883
       1.091989        3.711883
       1.093152        3.712498
       1.094315        3.712498
       1.095478        3.712498
       1.096641        3.713114
       1.097803        3.713114
       1.098966        3.713730
       1.100129        3.713730
       1.101292        3.713730
       1.102455        3.713730
       1.103618        3.714346
       1.104781        3.714346
       1.105944        3.714346
       1.107107        3.714346
       1.108270        3.714961
       1.109433        3.714961
       1.110596        3.714961
       1.111759        3.715577
       1.112922        3.715577
       1.114084        3.716193
       1.115247        3.716193
       1.116410        3.716809
       1.117573        3.716809
       1.118736        3.716809
       1.119899        3.716809
       1.121062        3.717424
       1.122225        3.717424
       1.123388        3.717424
       1.124551        3.718040
       1.125714        3.718040
       1.126877        3.718040
       1.128040        3.718656
       1.129202        3.718656
       1.130365        3.719272
       1.131528        3.719272
       1.132691        3.719888
       1.133854        3.719888
       1.135017        3.719888
       1.136180        3.720503
       1.137343        3.720503
       1.138506        3.721119
       1.139669        3.721119
       1.140832        3.721119
       1.141995        3.721119
       1.143158        3.721735
       1.144321        3.721735
       1.145483        3.721735
       1.146646        3.721735
       1.147809        3.722966
       1.148972        3.722351
       1.150135        3.722966
       1.151298        3.722966
       1.152461        3.722966
       1.153624        3.723582
       1.154787        3.723582
       1.155950        3.724198
       1.157113        3.724198
       1.158276        3.724198
       1.159438        3.724814
       1.160601        3.724814
       1.161764        3.724814
       1.162927        3.724814
       1.164090        3.725430
       1.165253        3.725430
       1.166416        3.726045
       1.167579        3.726045
       1.168742        3.726045
       1.169905        3.726661
       1.171068        3.726661
       1.172231        3.726661
       1.173394        3.726661
       1.174557        3.727277
       1.175720        3.727277
       1.176882        3.727893
       1.178045        3.727893
       1.179208        3.728508
       1.180371        3.728508
       1.181534        3.728508
       1.182697        3.728508
       1.183860        3.729124
       1.185023        3.729124
       1.186186        3.729740
       1.187349        3.729740
       1.188512        3.729740
       1.189675        3.730356
       1.190838        3.730356
       1.192000        3.730356
       1.193163        3.730972
       1.194326        3.731587
       1.195489        3.730972
       1.196652        3.731587
       1.197815        3.732203
       1.198978        3.731587
       1.200141        3.732203
       1.201304        3.732203
       1.202467        3.732819
       1.203630        3.732819
       1.204793        3.733435
       1.205956        3.733435
       1.207119        3.733435
       1.208281        3.734050
       1.209444        3.734050
       1.210607        3.734050
       1.211770        3.734666
       1.212933        3.734666
       1.214096        3.735282
       1.215259        3.735282
       1.216422        3.735282
       1.217585        3.735282
       1.218748        3.735898
       1.219911        3.735898
       1.221074        3.735898
       1.222237        3.736513
       1.223399        3.736513
       1.224562        3.736513
       1.225725        3.737129
       1.226888        3.737129
       1.228051        3.737745
       1.229214        3.737745
       1.230377        3.737745
       1.231540        3.738361
       1.232703        3.738361
       1.233866        3.738361
       1.235029        3.738977
       1.236192        3.738977
       1.237355        3.739592
       1.238518        3.739592
       1.239680        3.740208
       1.240843        3.740208
       1.242006        3.740208
       1.243169        3.740824
       1.244332        3.740824
       1.245495        3.740824
       1.246658        3.741440
       1.247821        3.741440
       1.248984        3.742055
       1.250147        3.741440
       1.251310        3.742055
       1.252473        3.742671
       1.253636        3.742671
       1.254798        3.742671
       1.255961        3.742671
       1.257124        3.743287
       1.258287        3.743287
       1.259450        3.743903
       1.260613        3.743903
       1.261776        3.743903
       1.262939        3.743903
       1.264102        3.744519
       1.265265        3.745134
       1.266428        3.745134
       1.267591        3.745134
       1.268754        3.745750
       1.269916        3.745750
       1.271079        3.745750
       1.272242        3.745750
       1.273405        3.745750
       1.274568        3.746366
       1.275731        3.746982
       1.276894        3.746366
       1.278057        3.746982
       1.279220        3.747597
       1.280383        3.746982
       1.281546        3.747597
       1.282709        3.748213
       1.283872        3.748213
       1.285035        3.748213
       1.286197        3.748829
       1.287360        3.748829
       1.288523        3.749445
       1.289686        3.749445
       1.290849        3.749445
       1.292012        3.750060
       1.293175        3.750060
       1.294338        3.750060
       1.295501        3.750676
       1.296664        3.750676
       1.297827        3.750676
       1.298990        3.751292
       1.300153        3.751292
       1.301315        3.751292
       1.302478        3.752524
       1.303641        3.752524
       1.304804        3.752524
       1.305967        3.752524
       1.307130        3.752524
       1.308293        3.753139
       1.309456        3.753139
       1.310619        3.753755
       1.311782        3.753755
       1.312945        3.753755
       1.314108        3.754371
       1.315271        3.754371
       1.316434        3.754987
       1.317597        3.754987
       1.318759        3.754987
       1.319922        3.755602
       1.321085        3.755602
       1.322248        3.755602
       1.323411        3.755602
       1.324574        3.756218
       1.325737        3.756218
       1.326900        3.756834
       1.328063        3.756834
       1.329226        3.756834
       1.330389        3.757450
       1.331552        3.757450
       1.332715        3.757450
       1.333878        3.758066
       1.335041        3.758681
       1.336203        3.758066
       1.337366        3.758681
       1.338529        3.758681
       1.339692        3.759297
       1.340855        3.759297
       1.342018        3.759297
       1.343181        3.759913
       1.344344        3.759913
       1.345507        3.759913
       1.346670        3.760529
       1.347833        3.760529
       1.348996        3.761144
       1.350159        3.761144
       1.351321        3.761760
       1.352484        3.761760
       1.353647        3.761760
       1.354810        3.761760
       1.355973        3.762376
       1.357136        3.762376
       1.358299        3.762376
       1.359462        3.762992
       1.360625        3.762992
       1.361788        3.763607
       1.362951        3.763607
       1.364114        3.763607
       1.365277        3.764223
       1.366440        3.764223
       1.367602        3.764223
       1.368765        3.764839
       1.369928        3.764839
       1.371091        3.764839
       1.372254        3.765455
       1.373417        3.765455
       1.374580        3.766071
       1.375743        3.766071
       1.376906        3.766071
       1.378069        3.766686
       1.379232        3.766686
       1.380395        3.766686
       1.381558        3.766686
       1.382721        3.767302
       1.383883        3.767302
       1.385046        3.767302
       1.386209        3.767918
       1.387372        3.767918
       1.388535        3.768534
       1.389698        3.769149
       1.390861        3.768534
       1.392024        3.769149
       1.393187        3.769765
       1.394350        3.769765
       1.395513        3.769765
       1.396676        3.769765
       1.397839        3.770381
       1.399001        3.770381
       1.400164        3.770997
       1.401327        3.771613
       1.402490        3.771613
       1.403653        3.770997
       1.404816        3.771613
       1.405979        3.771613
       1.407142        3.772228
       1.408305        3.772228
       1.409468        3.772228
       1.410631        3.772844
       1.411794        3.772844
       1.412957        3.772844
       1.414119        3.773460
       1.415282        3.773460
       1.416445        3.774076
       1.417608        3.774076
       1.418771        3.774076
       1.419934        3.774691
       1.421097        3.774691
       1.422260        3.775307
       1.423423        3.775307
       1.424586        3.775307
       1.425749        3.775307
       1.426912        3.775307
       1.428075        3.775923
       1.429238        3.775923
       1.430400        3.776539
       1.431563        3.776539
       1.432726        3.776539
       1.433889        3.777155
       1.435052        3.777155
       1.436215        3.777155
       1.437378        3.777770
       1.438541        3.777770
       1.439704        3.778386
       1.440867        3.778386
       1.442030        3.778386
       1.443193        3.778386
       1.444356        3.779002
       1.445519        3.779618
       1.446681        3.779618
       1.447844        3.779618
       1.449007        3.779618
       1.450170        3.780233
       1.451333        3.780233
       1.452496        3.780849
       1.453659        3.780849
       1.454822        3.780849
       1.455985        3.781465
       1.457148        3.781465
       1.458311        3.781465
       1.459474        3.782081
       1.460637        3.782081
       1.461799        3.782081
       1.462962        3.782696
       1.464125        3.782696
       1.465288        3.783312
       1.466451        3.783312
       1.467614        3.783312
       1.468777        3.783312
       1.469940        3.783928
       1.471103        3.783928
       1.472266        3.783928
       1.473429        3.784544
       1.474592        3.784544
       1.475755        3.784544
       1.476917        3.785160
       1.478080        3.785775
       1.479243        3.785775
       1.480406        3.785775
       1.481569        3.786391
       1.482732        3.786391
       1.483895        3.786391
       1.485058        3.786391
       1.486221        3.787007
       1.487384        3.787007
       1.488547        3.787623
       1.489710        3.787623
       1.490873        3.787623
       1.492035        3.788238
       1.493198        3.788854
       1.494361        3.788854
       1.495524        3.788854
       1.496687        3.788854
       1.497850        3.789470
       1.499013        3.789470
       1.500176        3.790086
       1.501339        3.790086
       1.502502        3.790086
       1.503665        3.790702
       1.504828        3.790702
       1.505991        3.791317
       1.507154        3.791317
       1.508316        3.791317
       1.509479        3.791317
       1.510642        3.791933
       1.511805        3.792549
       1.512968        3.791933
       1.514131        3.792549
       1.515294        3.793165
       1.516457        3.792549
       1.517620        3.793165
       1.518783        3.793165
       1.519946        3.793780
       1.521109        3.793780
       1.522272        3.793780
       1.523435        3.794396
       1.524597        3.794396
       1.525760        3.794396
       1.526923        3.795012
       1.528086        3.795012
       1.529249        3.795628
       1.530412        3.795628
       1.531575        3.795628
       1.532738        3.796243
       1.533901        3.796243
       1.535064        3.796243
       1.536227        3.796859
       1.537390        3.796859
       1.538553        3.797475
       1.539716        3.797475
       1.540878        3.797475
       1.542041        3.798091
       1.543204        3.798091
       1.544367        3.798707
       1.545530        3.798707
       1.546693        3.799322
       1.547856        3.799322
       1.549019        3.799322
       1.550182        3.799938
       1.551345        3.799938
       1.552508        3.799938
       1.553671        3.800554
       1.554834        3.801170
       1.555996        3.801170
       1.557159        3.801170
       1.558322        3.801170
       1.559485        3.801785
       1.560648        3.801785
       1.561811        3.802401
       1.562974        3.802401
       1.564137        3.802401
       1.565300        3.803017
       1.566463        3.803017
       1.567626        3.803633
       1.568789        3.803633
       1.569952        3.804249
       1.571115        3.804249
       1.572277        3.804249
       1.573440        3.804249
       1.574603        3.804864
       1.575766        3.804864
       1.576929        3.804864
       1.578092        3.805480
       1.579255        3.805480
       1.580418        3.806096
       1.581581        3.806096
       1.582744        3.806096
       1.583907        3.806712
       1.585070        3.806712
       1.586233        3.807327
       1.587396        3.807327
       1.588558        3.807327
       1.589721        3.807943
       1.590884        3.808559
       1.592047        3.808559
       1.593210        3.809175
       1.594373        3.809175
       1.595536        3.809791
       1.596699        3.809791
       1.597862        3.809791
       1.599025        3.810406
       1.600188        3.810406
       1.601351        3.810406
       1.602514        3.811022
       1.603677        3.811022
       1.604839        3.811022
       1.606002        3.811638
       1.607165        3.811638
       1.608328        3.811638
       1.609491        3.812254
       1.610654        3.812869
       1.611817        3.812869
       1.612980        3.812869
       1.614143        3.812869
       1.615306        3.813485
       1.616469        3.813485
       1.617632        3.814101
       1.618795        3.814101
       1.619957        3.814717
       1.621120        3.814717
       1.622283        3.814717
       1.623446        3.815332
       1.624609        3.815332
       1.625772        3.815948
       1.626935        3.815948
       1.628098        3.816564
       1.629261        3.816564
       1.630424        3.817180
       1.631587        3.817180
       1.632750        3.817180
       1.633913        3.817796
       1.635076        3.817796
       1.636238        3.818411
       1.637401        3.818411
       1.638564        3.819027
       1.639727        3.819643
       1.640890        3.819643
       1.642053        3.819643
       1.643216        3.820259
       1.644379        3.820259
       1.645542        3.820259
       1.646705        3.820874
       1.647868        3.820874
       1.649031        3.821490
       1.650194        3.821490
       1.651357        3.821490
       1.652519        3.822106
       1.653682        3.822106
       1.654845        3.822722
       1.656008        3.822722
       1.657171        3.823338
       1.658334        3.823338
       1.659497        3.823338
       1.660660        3.823953
       1.661823        3.823953
       1.662986        3.823953
       1.664149        3.824569
       1.665312        3.825185
       1.666475        3.825185
       1.667638        3.825801
       1.668800        3.825801
       1.669963        3.826416
       1.671126        3.826416
       1.672289        3.826416
       1.673452        3.827032
       1.674615        3.827648
       1.675778        3.827648
       1.676941        3.828264
       1.678104        3.828264
       1.679267        3.828879
       1.680430        3.828879
       1.681593        3.828879
       1.682756        3.829495
       1.683918        3.829495
       1.685081        3.829495
       1.686244        3.830111
       1.687407        3.830727
       1.688570        3.830727
       1.689733        3.830727
       1.690896        3.831343
       1.692059        3.831343
       1.693222        3.831958
       1.694385        3.831958
       1.695548        3.832574
       1.696711        3.832574
       1.697874        3.832574
       1.699037        3.833190
       1.700199        3.833190
       1.701362        3.833806
       1.702525        3.833806
       1.703688        3.834421
       1.704851        3.834421
       1.706014        3.835037
       1.707177        3.835037
       1.708340        3.835653
       1.709503        3.835653
       1.710666        3.836269
       1.711829        3.836885
       1.712992        3.836885
       1.714155        3.837500
       1.715318        3.837500
       1.716480        3.837500
       1.717643        3.838116
       1.718806        3.838116
       1.719969        3.838732
       1.721132        3.839348
       1.722295        3.839348
       1.723458        3.839348
       1.724621        3.839963
       1.725784        3.839963
       1.726947        3.840579
       1.728110        3.840579
       1.729273        3.841195
       1.730436        3.841195
       1.731599        3.841195
       1.732761        3.841811
       1.733924        3.841811
       1.735087        3.842427
       1.736250        3.842427
       1.737413        3.843042
       1.738576        3.843042
       1.739739        3.843658
       1.740902        3.843658
       1.742065        3.843658
       1.743228        3.844890
       1.744391        3.844890
       1.745554        3.844890
       1.746717        3.845505
       1.747879        3.845505
       1.749042        3.846121
       1.750205        3.846737
       1.751368        3.846737
       1.752531        3.847353
       1.753694        3.847353
       1.754857        3.847968
       1.756020        3.848584
       1.757183        3.848584
       1.758346        3.848584
       1.759509        3.849200
       1.760672        3.849200
       1.761835        3.849816
       1.762997        3.849816
       1.764160        3.849816
       1.765323        3.850432
       1.766486        3.851047
       1.767649        3.851047
       1.768812        3.851047
       1.769975        3.851663
       1.771138        3.852279
       1.772301        3.852895
       1.773464        3.852895
       1.774627        3.852895
       1.775790        3.852895
       1.776953        3.854126
       1.778115        3.854126
       1.779278        3.854126
       1.780441        3.854742
       1.781604        3.854742
       1.782767        3.855358
       1.783930        3.855358
       1.785093        3.855974
       1.786256        3.855974
       1.787419        3.856589
       1.788582        3.857205
       1.789745        3.857205
       1.790908        3.857205
       1.792071        3.857821
       1.793234        3.857821
       1.794396        3.858437
       1.795559        3.859052
       1.796722        3.859668
       1.797885        3.859668
       1.799048        3.859668
       1.800211        3.860284
       1.801374        3.860900
       1.802537        3.860900
       1.803700        3.861515
       1.804863        3.861515
       1.806026        3.862131
       1.807189        3.862131
       1.808352        3.862131
       1.809515        3.862747
       1.810677        3.863363
       1.811840        3.863363
       1.813003        3.863979
       1.814166        3.863979
       1.815329        3.864594
       1.816492        3.864594
       1.817655        3.865210
       1.818818        3.865826
       1.819981        3.865826
       1.821144        3.866442
       1.822307        3.866442
       1.823470        3.867057
       1.824633        3.867057
       1.825796        3.867673
       1.826958        3.867673
       1.828121        3.868289
       1.829284        3.868289
       1.830447        3.868905
       1.831610        3.869521
       1.832773        3.869521
       1.833936        3.870136
       1.835099        3.870136
       1.836262        3.870752
       1.837425        3.870752
       1.838588        3.871368
       1.839751        3.871368
       1.840914        3.871984
       1.842077        3.871984
       1.843239        3.872599
       1.844402        3.872599
       1.845565        3.873215
       1.846728        3.873215
       1.847891        3.873831
       1.849054        3.874447
       1.850217        3.874447
       1.851380        3.875062
       1.852543        3.875062
       1.853706        3.875678
       1.854869        3.875678
       1.856032        3.876294
       1.857195        3.876294
       1.858357        3.876910
       1.859520        3.877526
       1.860683        3.878141
       1.861846        3.878141
       1.863009        3.878141
       1.864172        3.878757
       1.865335        3.878757
       1.866498        3.879373
       1.867661        3.879989
       1.868824        3.879989
       1.869987        3.880604
       1.871150        3.881220
       1.872313        3.881220
       1.873475        3.881836
       1.874638        3.881836
       1.875801        3.881836
       1.876964        3.882452
       1.878127        3.883068
       1.879290        3.883068
       1.880453        3.883683
       1.881616        3.883683
       1.882779        3.884299
       1.883942        3.884299
       1.885105        3.884915
       1.886268        3.884915
       1.887431        3.885531
       1.888594        3.885531
       1.889756        3.886146
       1.890919        3.886762
       1.892082        3.886762
       1.893245        3.887994
       1.894408        3.887994
       1.895571        3.887994
       1.896734        3.888610
       1.897897        3.889225
       1.899060        3.889225
       1.900223        3.889841
       1.901386        3.889841
       1.902549        3.890457
       1.903712        3.890457
       1.904875        3.891073
       1.906037        3.891688
       1.907200        3.891688
       1.908363        3.892304
       1.909526        3.892304
       1.910689        3.892920
       1.911852        3.892920
       1.913015        3.893536
       1.914178        3.893536
       1.915341        3.894151
       1.916504        3.894767
       1.917667        3.894767
       1.918830        3.895383
       1.919993        3.895383
       1.921156        3.895999
       1.922318        3.895999
       1.923481        3.896615
       1.924644        3.897230
       1.925807        3.897230
       1.926970        3.897846
       1.928133        3.897846
       1.929296        3.898462
       1.930459        3.899078
       1.931622        3.899078
       1.932785        3.899693
       1.933948        3.900309
       1.935111        3.900309
       1.936274        3.900309
       1.937437        3.900925
       1.938600        3.900925
       1.939762        3.901541
       1.940925        3.902157
       1.942088        3.902157
       1.943251        3.902772
       1.944414        3.902772
       1.945577        3.903388
       1.946740        3.903388
       1.947903        3.904004
       1.949066        3.904004
       1.950229        3.904620
       1.951392        3.905235
       1.952555        3.905235
       1.953718        3.905851
       1.954881        3.906467
       1.956043        3.907083
       1.957206        3.907083
       1.958369        3.907698
       1.959532        3.907698
       1.960695        3.908314
       1.961858        3.908314
       1.963021        3.908930
       1.964184        3.909546
       1.965347        3.909546
       1.966510        3.909546
       1.967673        3.910162
       1.968836        3.910777
       1.969999        3.910777
       1.971162        3.911393
       1.972324        3.911393
       1.973487        3.912009
       1.974650        3.912009
       1.975813        3.912625
       1.976976        3.912625
       1.978139        3.913240
       1.979302        3.913240
       1.980465        3.913856
       1.981628        3.913856
       1.982791        3.914472
       1.983954        3.915088
       1.985117        3.915704
       1.986280        3.915704
       1.987442        3.916319
       1.988605        3.916935
       1.989768        3.917551
       1.990931        3.917551
       1.992094        3.918167
       1.993257        3.918167
       1.994420        3.918167
       1.995583        3.918782
       1.996746        3.919398
       1.997909        3.919398
       1.999072        3.920014
       2.000235        3.920014
       2.001398        3.920630
       2.002561        3.920630
       2.003723        3.921246
       2.004886        3.921861
       2.006049        3.921861
       2.007212        3.921861
       2.008375        3.922477
       2.009538        3.923093
       2.010701        3.923093
       2.011864        3.923709
       2.013027        3.923709
       2.014190        3.924324
       2.015353        3.924940
       2.016516        3.925556
       2.017679        3.925556
       2.018841        3.926172
       2.020004        3.926787
       2.021167        3.926787
       2.022330        3.928019
       2.023493        3.928019
       2.024656        3.928019
       2.025819        3.928635
       2.026982        3.928635
       2.028145        3.929251
       2.029308        3.929251
       2.030471        3.929866
       2.031634        3.929866
       2.032797        3.930482
       2.033960        3.930482
       2.035122        3.931098
       2.036285        3.931714
       2.037448        3.931714
       2.038611        3.932329
       2.039774        3.932329
       2.040937        3.932945
       2.042100        3.932945
       2.043263        3.933561
       2.044426        3.933561
       2.045589        3.934177
       2.046752        3.934793
       2.047915        3.934793
       2.049078        3.935408
       2.050240        3.935408
       2.051403        3.936024
       2.052566        3.936024
       2.053729        3.936640
       2.054892        3.937256
       2.056055        3.937256
       2.057218        3.937871
       2.058381        3.937871
       2.059544        3.938487
       2.060707        3.939103
       2.061870        3.939103
       2.063033        3.939103
       2.064196        3.939719
       2.065359        3.940334
       2.066521        3.940334
       2.067684        3.940950
       2.068847        3.941566
       2.070010        3.941566
       2.071173        3.942182
       2.072336        3.942182
       2.073499        3.942182
       2.074662        3.942798
       2.075825        3.943413
       2.076988        3.943413
       2.078151        3.943413
       2.079314        3.944029
       2.080477        3.944645
       2.081639        3.945261
       2.082802        3.945876
       2.083965        3.946492
       2.085128        3.945876
       2.086291        3.946492
       2.087454        3.947108
       2.088617        3.947108
       2.089780        3.947724
       2.090943        3.948340
       2.092106        3.948340
       2.093269        3.948955
       2.094432        3.948955
       2.095595        3.949571
       2.096758        3.949571
       2.097920        3.950187
       2.099083        3.950803
       2.100246        3.950803
       2.101409        3.951418
       2.102572        3.951418
       2.103735        3.952034
       2.104898        3.952034
       2.106061        3.952650
       2.107224        3.952650
       2.108387        3.953266
       2.109550        3.953882
       2.110713        3.953882
       2.111876        3.954497
       2.113038        3.954497
       2.114201        3.955113
       2.115364        3.955729
       2.116527        3.955729
       2.117690        3.955729
       2.118853        3.956345
       2.120016        3.956345
       2.121179        3.957576
       2.122342        3.957576
       2.123505        3.957576
       2.124668        3.958192
       2.125831        3.958808
       2.126994        3.958808
       2.128156        3.959423
       2.129319        3.960039
       2.130482        3.960039
       2.131645        3.960039
       2.132808        3.960655
       2.133971        3.960655
       2.135134        3.961271
       2.136297        3.961887
       2.137460        3.961887
       2.138623        3.961887
       2.139786        3.962502
       2.140949        3.962502
       2.142112        3.963118
       2.143275        3.963734
       2.144437        3.963734
       2.145600        3.964350
       2.146763        3.964350
       2.147926        3.964965
       2.149089        3.965581
       2.150252        3.965581
       2.151415        3.966197
       2.152578        3.966813
       2.153741        3.967429
       2.154904        3.967429
       2.156067        3.967429
       2.157230        3.968044
       2.158393        3.968044
       2.159556        3.968660
       2.160718        3.968660
       2.161881        3.969276
       2.163044        3.969892
       2.164207        3.969892
       2.165370        3.970507
       2.166533        3.970507
       2.167696        3.971123
       2.168859        3.971123
       2.170022        3.971739
       2.171185        3.971739
       2.172348        3.972355
       2.173511        3.972355
       2.174674        3.972970
       2.175836        3.972970
       2.176999        3.973586
       2.178162        3.973586
       2.179325        3.974202
       2.180488        3.974818
       2.181651        3.974818
       2.182814        3.974818
       2.183977        3.975434
       2.185140        3.976049
       2.186303        3.976665
       2.187466        3.976665
       2.188629        3.976665
       2.189792        3.977281
       2.190954        3.977897
       2.192117        3.977897
       2.193280        3.978512
       2.194443        3.978512
       2.195606        3.979128
       2.196769        3.979128
       2.197932        3.979744
       2.199095        3.980360
       2.200258        3.980360
       2.201421        3.980360
       2.202584        3.980976
       2.203747        3.981591
       2.204910        3.981591
       2.206073        3.982207
       2.207236        3.982207
       2.208398        3.982823
       2.209561        3.982823
       2.210724        3.982823
       2.211887        3.983439
       2.213050        3.983439
       2.214213        3.984054
       2.215376        3.984670
       2.216539        3.984670
       2.217702        3.985286
       2.218865        3.985902
       2.220028        3.985902
       2.221191        3.986517
       2.222354        3.987133
       2.223517        3.987133
       2.224679        3.987749
       2.225842        3.987749
       2.227005        3.987749
       2.228168        3.988365
       2.229331        3.988365
       2.230494        3.988981
       2.231657        3.989596
       2.232820        3.989596
       2.233983        3.990212
       2.235146        3.990212
       2.236309        3.990828
       2.237472        3.991444
       2.238635        3.991444
       2.239797        3.992059
       2.240960        3.992059
       2.242123        3.992675
       2.243286        3.992675
       2.244449        3.992675
       2.245612        3.992675
       2.246775        3.993291
       2.247938        3.993907
       2.249101        3.993907
       2.250264        3.994523
       2.251427        3.995138
       2.252590        3.995138
       2.253753        3.995754
       2.254915        3.996370
       2.256078        3.996370
       2.257241        3.996370
       2.258404        3.996986
       2.259567        3.996986
       2.260730        3.997601
       2.261893        3.998217
       2.263056        3.998217
       2.264219        3.998833
       2.265382        3.998833
       2.266545        3.999449
       2.267708        3.999449
       2.268871        4.000065
       2.270034        4.000065
       2.271196        4.000680
       2.272359        4.000680
       2.273522        4.001296
       2.274685        4.001296
       2.275848        4.001912
       2.277011        4.001912
       2.278174        4.002528
       2.279337        4.002528
       2.280500        4.003143
       2.281663        4.003759
       2.282826        4.003759
       2.283989        4.004375
       2.285152        4.004375
       2.286314        4.004991
       2.287477        4.005606
       2.288640        4.005606
       2.289803        4.006222
       2.290966        4.006838
       2.292129        4.006838
       2.293292        4.006838
       2.294455        4.007454
       2.295618        4.007454
       2.296781        4.008070
       2.297944        4.008070
       2.299107        4.008685
       2.300270        4.008685
       2.301433        4.009301
       2.302595        4.009301
       2.303758        4.009917
       2.304921        4.010533
       2.306084        4.010533
       2.307247        4.011148
       2.308410        4.011148
       2.309573        4.011148
       2.310736        4.011764
       2.311899        4.012380
       2.313062        4.012380
       2.314225        4.012996
       2.315388        4.012996
       2.316551        4.013612
       2.317714        4.014227
       2.318876        4.014227
       2.320039        4.014843
       2.321202        4.014843
       2.322365        4.015459
       2.323528        4.015459
       2.324691        4.016075
       2.325854        4.016075
       2.327017        4.016690
       2.328180        4.017306
       2.329343        4.017306
       2.330506        4.017922
       2.331669        4.017922
       2.332832        4.017922
       2.333995        4.018538
       2.335157        4.018538
       2.336320        4.019153
       2.337483        4.019153
       2.338646        4.019769
       2.339809        4.019769
       2.340972        4.020385
       2.342135        4.021001
       2.343298        4.021001
       2.344461        4.021617
       2.345624        4.021617
       2.346787        4.022232
       2.347950        4.022232
       2.349113        4.022848
       2.350276        4.022848
       2.351438        4.022848
       2.352601        4.023464
       2.353764        4.024080
       2.354927        4.024080
       2.356090        4.024695
       2.357253        4.024695
       2.358416        4.025311
       2.359579        4.025927
       2.360742        4.025927
       2.361905        4.026543
       2.363068        4.026543
       2.364231        4.027159
       2.365394        4.027159
       2.366557        4.027774
       2.367719        4.027774
       2.368882        4.028390
       2.370045        4.028390
       2.371208        4.028390
       2.372371        4.029006
       2.373534        4.029006
       2.374697        4.029622
       2.375860        4.030237
       2.377023        4.030237
       2.378186        4.030853
       2.379349        4.030853
       2.380512        4.031469
       2.381675        4.032085
       2.382837        4.032085
       2.384000        4.032085
       2.385163        4.032701
       2.386326        4.032701
       2.387489        4.033316
       2.388652        4.033316
       2.389815        4.033932
       2.390978        4.034548
       2.392141        4.034548
       2.393304        4.034548
       2.394467        4.035164
       2.395630        4.035164
       2.396793        4.035779
       2.397956        4.036395
       2.399118        4.036395
       2.400281        4.037011
       2.401444        4.037011
       2.402607        4.037627
       2.403770        4.037627
       2.404933        4.038242
       2.406096        4.038858
       2.407259        4.038858
       2.408422        4.039474
       2.409585        4.039474
       2.410748        4.040090
       2.411911        4.040090
       2.413074        4.040090
       2.414236        4.040706
       2.415399        4.041321
       2.416562        4.041321
       2.417725        4.041937
       2.418888        4.042553
       2.420051        4.042553
       2.421214        4.042553
       2.422377        4.042553
       2.423540        4.043169
       2.424703        4.043784
       2.425866        4.043784
       2.427029        4.044400
       2.428192        4.044400
       2.429355        4.045016
       2.430517        4.045632
       2.431680        4.045632
       2.432843        4.045632
       2.434006        4.046248
       2.435169        4.046863
       2.436332        4.046863
       2.437495        4.047479
       2.438658        4.047479
       2.439821        4.048095
       2.440984        4.048095
       2.442147        4.048711
       2.443310        4.048711
       2.444473        4.049326
       2.445636        4.049326
       2.446798        4.049942
       2.447961        4.049942
       2.449124        4.050558
       2.450287        4.050558
       2.451450        4.051174
       2.452613        4.051789
       2.453776        4.051789
       2.454939        4.052405
       2.456102        4.052405
       2.457265        4.053021
       2.458428        4.053021
       2.459591        4.053637
       2.460754        4.053637
       2.461916        4.054253
       2.463079        4.054868
       2.464242        4.054868
       2.465405        4.055484
       2.466568        4.055484
       2.467731        4.056100
       2.468894        4.056100
       2.470057        4.056716
       2.471220        4.056716
       2.472383        4.057331
       2.473546        4.057947
       2.474709        4.057947
       2.475872        4.057947
       2.477034        4.058563
       2.478197        4.059179
       2.479360        4.059179
       2.480523        4.059179
       2.481686        4.059795
       2.482849        4.060410
       2.484012        4.060410
       2.485175        4.061026
       2.486338        4.061026
       2.487501        4.061642
       2.488664        4.061642
       2.489827        4.062258
       2.490990        4.062258
       2.492153        4.062873
       2.493315        4.062873
       2.494478        4.063489
       2.495641        4.063489
       2.496804        4.064105
       2.497967        4.064721
       2.499130        4.064721
       2.500293        4.065337
       2.501456        4.065337
       2.502619        4.065952
       2.503782        4.066568
       2.504945        4.066568
       2.506108        4.067184
       2.507271        4.067184
       2.508434        4.067800
       2.509596        4.068415
       2.510759        4.068415
       2.511922        4.068415
       2.513085        4.069031
       2.514248        4.069031
       2.515411        4.069647
       2.516574        4.070263
       2.517737        4.070263
       2.518900        4.070878
       2.520063        4.070878
       2.521226        4.071494
       2.522389        4.071494
       2.523551        4.071494
       2.524714        4.072110
       2.525877        4.072726
       2.527040        4.072726
       2.528203        4.073342
       2.529366        4.073342
       2.530529        4.073957
       2.531692        4.074573
       2.532855        4.075189
       2.534018        4.075189
       2.535181        4.075805
       2.536344        4.075805
       2.537507        4.076420
       2.538670        4.076420
       2.539832        4.077036
       2.540995        4.077652
       2.542158        4.077652
       2.543321        4.078268
       2.544484        4.078268
       2.545647        4.078884
       2.546810        4.078884
       2.547973        4.079499
       2.549136        4.080115
       2.550299        4.080115
       2.551462        4.080731
       2.552625        4.080731
       2.553788        4.080731
       2.554951        4.081347
       2.556113        4.081347
       2.557276        4.081962
       2.558439        4.082578
       2.559602        4.082578
       2.560765        4.083194
       2.561928        4.083810
       2.563091        4.083810
       2.564254        4.085041
       2.565417        4.085041
       2.566580        4.085041
       2.567743        4.085657
       2.568906        4.086273
       2.570069        4.086273
       2.571231        4.086889
       2.572394        4.086889
       2.573557        4.087504
       2.574720        4.088120
       2.575883        4.088120
       2.577046        4.088736
       2.578209        4.088736
       2.579372        4.088736
       2.580535        4.089967
       2.581698        4.089967
       2.582861        4.090583
       2.584024        4.090583
       2.585187        4.091199
       2.586349        4.091199
       2.587512        4.091815
       2.588675        4.091815
       2.589838        4.092431
       2.591001        4.093046
       2.592164        4.093046
       2.593327        4.093662
       2.594490        4.093662
       2.595653        4.094894
       2.596816        4.094894
       2.597979        4.095509
       2.599142        4.095509
       2.600305        4.096125
       2.601468        4.096125
       2.602630        4.096741
       2.603793        4.096741
       2.604956        4.097357
       2.606119        4.097972
       2.607282        4.097972
       2.608445        4.098588
       2.609608        4.098588
       2.610771        4.099204
       2.611934        4.099820
       2.613097        4.099820
       2.614260        4.100436
       2.615423        4.100436
       2.616586        4.101051
       2.617749        4.101667
       2.618911        4.101667
       2.620074        4.101667
       2.621237        4.102283
       2.622400        4.102899
       2.623563        4.103514
       2.624726        4.103514
       2.625889        4.104130
       2.627052        4.104746
       2.628215        4.104746
       2.629378        4.105362
       2.630541        4.105978
       2.631704        4.105978
       2.632867        4.106593
       2.634029        4.107209
       2.635192        4.107209
       2.636355        4.107209
       2.637518        4.107825
       2.638681        4.108441
       2.639844        4.109056
       2.641007        4.109056
       2.642170        4.109672
       2.643333        4.109672
       2.644496        4.110288
       2.645659        4.110904
       2.646822        4.110904
       2.647985        4.111520
       2.649147        4.111520
       2.650310        4.112135
       2.651473        4.112751
       2.652636        4.112751
       2.653799        4.113983
       2.654962        4.113983
       2.656125        4.114598
       2.657288        4.114598
       2.658451        4.115214
       2.659614        4.115214
       2.660777        4.115830
       2.661940        4.116446
       2.663103        4.116446
       2.664265        4.117061
       2.665428        4.117061
       2.666591        4.117677
       2.667754        4.118293
       2.668917        4.118293
       2.670080        4.118909
       2.671243        4.119525
       2.672406        4.119525
       2.673569        4.120140
       2.674732        4.120140
       2.675895        4.120756
       2.677058        4.121372
       2.678221        4.121372
       2.679384        4.121988
       2.680546        4.122603
       2.681709        4.122603
       2.682872        4.123835
       2.684035        4.123835
       2.685198        4.124451
       2.686361        4.125067
       2.687524        4.125067
       2.688687        4.125067
       2.689850        4.126298
       2.691013        4.126298
       2.692176        4.126914
       2.693339        4.126914
       2.694502        4.127530
       2.695664        4.128145
       2.696827        4.128145
       2.697990        4.128761
       2.699153        4.129377
       2.700316        4.129377
       2.701479        4.129993
       2.702642        4.130608
       2.703805        4.130608
       2.704968        4.131224
       2.706131        4.131224
       2.707294        4.131840
       2.708457        4.132456
       2.709620        4.133072
       2.710783        4.133072
       2.711945        4.133687
       2.713108        4.134303
       2.714271        4.134919
       2.715434        4.134919
       2.716597        4.135535
       2.717760        4.136150
       2.718923        4.136150
       2.720086        4.136150
       2.721249        4.137382
       2.722412        4.137382
       2.723575        4.137998
       2.724738        4.137998
       2.725901        4.138614
       2.727063        4.138614
       2.728226        4.139229
       2.729389        4.139845
       2.730552        4.140461
       2.731715        4.140461
       2.732878        4.141077
       2.734041        4.141077
       2.735204        4.141692
       2.736367        4.142308
       2.737530        4.142924
       2.738693        4.143540
       2.739856        4.143540
       2.741019        4.144156
       2.742181        4.144771
       2.743344        4.144771
       2.744507        4.145387
       2.745670        4.145387
       2.746833        4.146003
       2.747996        4.146619
       2.749159        4.146619
       2.750322        4.147234
       2.751485        4.147850
       2.752648        4.148466
       2.753811        4.148466
       2.754974        4.149082
       2.756137        4.149697
       2.757299        4.149697
       2.758462        4.150313
       2.759625        4.150929
       2.760788        4.151545
       2.761951        4.151545
       2.763114        4.151545
       2.764277        4.152161
       2.765440        4.152776
       2.766603        4.153392
       2.767766        4.153392
       2.768929        4.154008
       2.770092        4.154624
       2.771255        4.155239
       2.772418        4.155855
       2.773580        4.155855
       2.774743        4.155855
       2.775906        4.156471
       2.777069        4.157087
       2.778232        4.157087
       2.779395        4.157703
       2.780558        4.158318
       2.781721        4.158934
       2.782884        4.158934
       2.784047        4.159550
       2.785210        4.160166
       2.786373        4.160781
       2.787536        4.160781
       2.788698        4.161397
       2.789861        4.161397
       2.791024        4.162013
       2.792187        4.162013
       2.793350        4.163244
       2.794513        4.163860
       2.795676        4.163860
       2.796839        4.164476
       2.798002        4.165092
       2.799165        4.165092
       2.800328        4.165708
       2.801491        4.165708
       2.802654        4.166323
       2.803816        4.166939
       2.804979        4.167555
       2.806142        4.167555
       2.807305        4.168171
       2.808468        4.168786
       2.809631        4.168786
       2.810794        4.169402
       2.811957        4.169402
       2.813120        4.170018
       2.814283        4.170634
       2.815446        4.171250
       2.816609        4.171250
       2.817772        4.171865
       2.818934        4.172481
       2.820097        4.172481
       2.821260        4.173097
       2.822423        4.173713
       2.823586        4.174328
       2.824749        4.174328
       2.825912        4.174944
       2.827075        4.175560
       2.828238        4.175560
       2.829401        4.176176
       2.830564        4.176792
       2.831727        4.176792
       2.832890        4.177407
       2.834053        4.178023
       2.835215        4.178023
       2.836378        4.178639
       2.837541        4.179255
       2.838704        4.179255
       2.839867        4.179870
       2.841030        4.180486
       2.842193        4.180486
       2.843356        4.181102
       2.844519        4.181102
       2.845682        4.181718
       2.846845        4.182333
       2.848008        4.182333
       2.849171        4.183565
       2.850333        4.183565
       2.851496        4.184181
       2.852659        4.184181
       2.853822        4.184797
       2.854985        4.185412
       2.856148        4.185412
       2.857311        4.186028
       2.858474        4.186028
       2.859637        4.187260
       2.860800        4.187260
       2.861963        4.187875
       2.863126        4.187875
       2.864289        4.188491
       2.865452        4.188491
       2.866615        4.189107
       2.867777        4.189723
       2.868940        4.190339
       2.870103        4.190339
       2.871266        4.190954
       2.872429        4.190954
       2.873592        4.191570
       2.874755        4.191570
       2.875918        4.192186
       2.877081        4.192802
       2.878244        4.192802
       2.879407        4.193417
       2.880570        4.194033
       2.881733        4.194649
       2.882895        4.195265
       2.884058        4.195265
       2.885221        4.195880
       2.886384        4.195880
       2.887547        4.196496
       2.888710        4.196496
       2.889873        4.197112
       2.891036        4.197728
       2.892199        4.197728
       2.893362        4.198344
       2.894525        4.198959
       2.895688        4.198959
       2.896851        4.199575
       2.898013        4.200191
       2.899176        4.200191
       2.900170        4.200807
       2.900171        4.200807
